-1.856050539264784624e-02
-3.026095011301116466e-02
-2.605775416836106362e-02
-1.788010097887434910e-02
-2.505500480593175067e-02
-1.879750934549555622e-02
-4.452607755482103011e-03
-1.011362887188417894e-02
-3.938047779377411295e-02
-4.937156479389222946e-02
-4.913910668184487407e-02
-6.280076236193866956e-02
-2.637570608716769197e-02
-1.655614822417503240e-02
-1.228776035204251320e-02
-9.294159772538392386e-03
-9.419217280177772170e-03
-2.091695401654712627e-02
-3.296437006270094838e-03
1.754766460128783304e-02
1.876375201376588239e-02
-6.159910516933854441e-04
-5.059780645133324373e-02
-4.580929719440786363e-02
-7.842282018173142577e-02
-7.482464570519051228e-02
-6.956810317590546300e-02
-7.954184454861724235e-03
-4.704581478736065414e-02
-3.895019895962280321e-02
-4.887632004277957937e-02
-9.343641311218443130e-03
-1.559757654213136426e-02
3.402790302265231576e-02
2.738117175772529152e-02
2.681210641853717935e-02
1.782531962102470655e-02
-5.934120919534945776e-03
-6.618607531381126563e-02
-4.435839214430517541e-02
3.035581678070560507e-03
-2.787707583909336886e-02
-7.252210004866180629e-03
5.445248360962293144e-02
5.522438725204512761e-02
2.746286788699181872e-02
4.441592708215640756e-02
4.656124958228389371e-02
5.800825608905815778e-02
7.260639956154692209e-02
4.903555660939407090e-02
3.717498573962509795e-02
1.470901377077783907e-02
-7.629041748354017244e-03
-1.540890959727199590e-02
8.068911733750287751e-03
2.029318018290286046e-02
4.602754551675584949e-02
3.099387803227990346e-02
1.132462399705247424e-02
1.076341034128375056e-02
1.118214335508662879e-02
-4.146158443154869186e-03
-9.425480474612793480e-03
5.272161004530066461e-03
-1.667045560294850778e-02
-1.161435702917720802e-02
-9.368205936942253925e-03
2.318513857906167458e-02
2.619195115326152651e-02
3.648684184037459532e-02
4.990586594074682136e-02
4.685834242971157609e-02
3.154622227437214182e-03
3.625619776136487608e-03
-1.095012316731117097e-02
-3.479938717349496946e-02
-4.794741121940578055e-02
-2.611684793908509300e-02
-2.545324178781493973e-02
-8.471586458435854949e-03
1.225952456359056045e-02
1.743421006008485930e-02
1.669351965101137023e-02
3.397109718755229532e-03
-1.008929494681600619e-02
-2.183260164637026296e-02
-2.263969452317918241e-02
-4.573793086758791426e-02
-4.082329326809960857e-02
-3.732736943561915099e-02
-3.506232992896786416e-02
-1.497951604545065367e-02
1.397716907468830524e-02
9.009320572035737704e-03
8.380597912166221075e-03
3.441311545508096009e-03
-9.917112719358234935e-03
-8.801544236667952284e-03
-7.919001371969017385e-04
1.476005121902779216e-02
1.443389086193510792e-02
6.723483782790693961e-03
-2.947096265856829003e-02
-2.113020000240519586e-02
-4.566092835023665558e-02
-4.495847247282746401e-02
-9.145706839463130927e-03
2.085468133173294658e-02
3.056704074432547297e-03
2.748125527912028895e-02
2.305895739482668669e-02
5.678554675272923236e-03
-3.981063037302245457e-03
-9.542597913790692304e-03
-3.586998436603804075e-02
-1.436099324820839379e-02
-1.000026155123919305e-02
-4.162783270503780594e-03
1.126265997933295453e-02
3.322332351386153571e-02
2.114428139578044749e-02
1.470513187365155017e-02
7.049145220337039129e-03
-3.359703004320958863e-03
-5.654818197306466995e-03
-2.700773732334888627e-02
-3.104837695021454499e-02
-2.012115352604314580e-02
-7.684674158936026511e-03
-1.477992879603129590e-02
-4.666443353208454825e-03
-1.496788533148616599e-03
-2.397096525802153155e-02
-1.682860577788047873e-02
-2.514645859445374665e-02
-1.084788327058440124e-02
-1.670017979029438104e-02
1.956693111330105525e-02
6.636509007698985184e-03
3.665740649887661712e-03
-1.447816147084026762e-02
-2.886119573499546648e-02
-4.430301887639004343e-02
-4.002871744332339027e-02
-2.596462836318216144e-02
-3.739751141763856396e-02
-3.906023324753141179e-02
-3.687543122079664504e-02
-8.677863245790415347e-02
-9.154080788606507035e-02
-8.513977795215395272e-02
-9.787942398815925593e-02
-1.233038145254995860e-01
-3.459326514778574002e-02
-2.002010191193970279e-02
-8.956432407619441954e-03
3.401971272050370587e-02
7.492261297687632937e-02
3.438148198803334110e-02
3.786063449654920171e-02
6.277193682042200851e-02
4.887386040978639046e-02
2.882344688864436205e-02
2.274253792785109474e-02
5.142172973829811471e-03
8.090028991240404838e-03
2.565833270878222633e-02
1.874279380782660487e-02
2.559123504645302583e-02
3.787318689847644915e-02
-3.614350477416899965e-03
-2.661240672599426288e-02
-1.678464616995613973e-02
-7.335821654796265134e-05
-1.169411890016767465e-02
7.501328398952227840e-03
2.903323874094967949e-02
2.858662891226423919e-02
-1.070019912501279750e-02
-2.330641631493966803e-02
-2.370288975048393323e-02
-1.464183640432825326e-02
-1.588677929068357114e-02
2.250286763829043024e-02
5.423948455536476559e-02
5.151031313236385106e-02
3.127417124785590585e-02
2.999994608157902087e-02
1.394782200299836232e-02
1.791937131505981842e-02
2.251738860578595888e-02
2.096693980963018275e-02
1.623788656542454745e-02
2.884684603942103825e-02
3.129239638516147747e-03
-3.669443384988638722e-03
7.066282917422359554e-03
1.635005649724614180e-02
-1.356242648004241103e-03
-1.245185059103017834e-02
2.784017380438158148e-03
-9.511874145617740112e-03
-2.406427324689050518e-02
-4.097073308895308325e-03
3.639577144725421320e-02
2.331837572643319020e-02
1.641644985213368615e-02
8.837749289768648958e-03
-7.047872628144080318e-03
-2.884809735293352231e-02
-4.174705355433309950e-02
-3.087831225944587948e-02
-4.898301800346881521e-03
5.404310278051080267e-03
1.092458027634877690e-02
1.819193916684094803e-02
1.922479072985898083e-02
9.030332420697380000e-03
5.627532366303186762e-03
6.563494233289419479e-03
1.833204178861696024e-02
2.782368286490942422e-03
8.715692172243091895e-03
1.373887465491837462e-02
1.320395274539476471e-02
3.327728615127278390e-03
1.094090958869091933e-02
4.069345077633628946e-04
-7.511358714385045141e-03
-2.321826250231005112e-02
-2.299409249626350321e-02
-1.258850569591253230e-02
-2.415673433995032746e-02
-1.539615024187589339e-02
-1.585479157178099757e-02
-1.692010566104188915e-02
-1.583758507431342472e-02
4.053674310212805262e-03
-4.929218752496333442e-03
4.848284767229110552e-03
-1.682063427196326538e-02
-1.303474007492047386e-02
-1.723936390207314942e-03
-9.825108050913897162e-03
-3.467922572036247902e-02
-9.695779489764173517e-03
-2.736524203289109405e-02
-4.527608817053235812e-02
-2.342312923974800010e-02
1.586342145489837846e-02
1.590916032233299221e-02
3.179167087040678241e-02
3.306238468268719866e-02
7.235155102386972223e-03
-2.605735489260150792e-02
-8.633112740304035165e-03
-3.415721223753445668e-02
-2.414999640912321791e-02
4.743391644301649807e-03
2.375247516466074196e-02
1.078881431575250821e-02
2.356946494388546115e-02
3.776077537566043668e-02
3.924906233996140748e-02
3.259848254553482372e-02
4.654418186073362024e-02
4.488739347199096480e-02
2.833704671127577901e-02
1.241999006200383490e-02
1.681899184350071214e-02
-7.492981343209395920e-03
-3.895130692173439779e-03
1.587641892734529409e-03
-2.322350223397853103e-03
4.032835218821956454e-03
-1.942800763123482544e-03
4.768226955061819535e-04
-1.508550343129369704e-02
-2.932199262624271552e-02
-2.754880030464803078e-02
-6.331605174204846427e-03
-5.388978808108709287e-03
-1.882080092835302764e-03
4.310991401133220519e-03
-1.156426470762152506e-02
-1.606431148115049223e-02
-2.172660853169320130e-02
-1.870793064064265460e-02
-1.681960774825528790e-02
4.494899826839055673e-03
-2.031434937803813789e-02
-1.049368171931240601e-02
-2.041509185747249558e-02
9.411597612253498613e-03
-3.899802487333680744e-03
1.865272925001666346e-02
1.266465410102072912e-02
4.777384211777858242e-03
-2.459161815642462584e-02
-2.967934482637980126e-02
-2.977723194607487592e-02
-4.438640901518788040e-02
-3.900590798160676748e-02
-2.207733517837269163e-02
-6.129633603619340926e-03
-6.360126723190071864e-03
-2.688586411371623151e-03
-1.206736383318617566e-02
-2.580083323205153989e-02
2.197402374720491824e-03
-1.070663644358495377e-02
-1.732790002788184985e-02
2.058149452715101954e-02
4.453009441075238273e-02
2.036745889864549630e-03
2.323198276296601847e-02
4.775190491116700769e-02
1.598965565127880711e-02
-1.598448861861611128e-02
-4.639161352134239455e-03
-1.047710393988439403e-03
-2.079139585291509690e-02
-1.599897091678403188e-02
-1.138055856639815649e-02
-1.986412406447994605e-02
-2.766987830327781103e-02
-4.061739075752246464e-02
-3.201811633396571544e-02
-1.677442501448651868e-02
-3.392228892277182606e-02
-3.782429388221685007e-02
-9.597415844356879319e-03
-2.637557245733878827e-02
-2.863743844577966435e-02
-1.921865259512413326e-02
-1.991417222810213522e-02
5.254284041060892224e-03
2.295861314223122604e-02
-2.646925943649673652e-04
-3.244311272251441600e-03
-1.816310576616805145e-02
-4.283792347844414539e-02
-6.061618430704771021e-02
-4.661942166258762482e-02
-1.567434396649847878e-02
6.872222733082822841e-04
-2.454524621747422586e-02
-2.915657097208394083e-02
-2.027549209542274522e-02
-1.626519238829719771e-03
-1.305695480270376713e-02
-1.646685310978249911e-02
-2.956508545283863254e-02
-2.830056130871852135e-02
-7.084127916344630516e-02
-6.234503400199840201e-02
-5.599785620140186604e-02
-1.580094640324623129e-02
-5.065955511864979333e-02
-8.329763428566144823e-02
-1.129997600935493951e-01
-1.217060632061166964e-01
-7.160652862080835179e-02
-4.986384400506829739e-02
5.986207110512811042e-03
9.211719712477076105e-02
1.237463216291249946e-01
7.774632891514668409e-02
5.337414149979039651e-02
1.327850859280050450e-02
-7.428602513691320852e-02
-4.904665112232856061e-02
-3.897850866550353621e-02
2.323976608156028828e-02
5.009849554133818245e-02
7.965554456579745923e-02
2.826234311001486754e-02
4.771581337298054504e-02
2.701024110137430212e-02
2.191215889918853715e-02
5.059048473419203856e-02
5.844746474044142104e-02
3.182752199780729957e-02
3.428848223718387184e-02
1.293318390220658115e-02
-2.896797079688441176e-03
-2.788075355598326061e-03
-3.373229485470152778e-02
-4.776236080350003410e-02
-2.670154608822927766e-02
-7.663237646173079454e-02
-4.531956897637003101e-02
-4.310020371175536658e-02
-2.636322206744428145e-02
-1.441450898216440311e-02
3.531357863280720072e-02
1.780559836312905000e-02
8.787921906728474175e-03
-4.608312547362355786e-03
-1.322165276039581616e-02
-4.045192523135958396e-02
-4.496768005078176367e-02
-5.039698993057765281e-02
-5.120987737558017200e-02
-6.658298716244272220e-02
-6.409296335223742258e-02
-3.487533854685605228e-02
1.369651063589194182e-02
-2.154608735975310427e-02
-2.234199160338495166e-02
3.433638169865637496e-02
-1.409259562302624461e-02
-4.301995513856791270e-02
-3.291550298106344502e-02
-3.749126906513383650e-02
-5.997689859565494275e-02
-6.377298546994369932e-02
-1.852330635153528332e-02
4.247840740752224092e-02
6.907433335245226347e-02
9.856650325120591694e-02
1.018242325836478668e-01
8.951267649109687086e-02
5.708326464509477782e-02
6.696885850338751833e-02
1.003712061315588204e-02
4.114099961399671906e-02
3.746371833791613953e-03
1.488210613276042329e-02
-1.060373687945804361e-02
-9.039054430473879992e-03
-6.077744947087468722e-03
3.687255766880179544e-03
3.680621379766794640e-03
2.014990564095412579e-02
3.698808272641433692e-02
3.643338604697309024e-02
1.888886385543236610e-02
-6.927723531391030351e-03
-3.604677482574513564e-02
-3.608163229171104658e-02
-4.565949245480614704e-02
1.793101533926009378e-03
1.672462529291722511e-02
2.721170189446925694e-02
1.549736639567718399e-02
3.520188272096072546e-02
3.209144638906477609e-02
2.251800841600805000e-02
3.547118335201149275e-02
1.830940618917777790e-02
2.668232078733611193e-02
2.727159265076392961e-03
4.267964386491369250e-03
-1.307729510294056326e-02
4.664427943727095238e-03
-3.503084686224744448e-02
-2.605448576679333939e-02
-4.657762787837268353e-02
-1.786151768089611069e-02
-1.384902010464586844e-02
-5.497373757642682809e-03
-2.525512949786097583e-02
2.041795760890945804e-02
-1.615569300498486197e-03
-1.541167505082590913e-02
-1.940897056321472247e-02
7.035530500819860318e-03
-1.440467805994859879e-02
-1.171860152704271713e-02
-1.639755978638585219e-03
-1.005887543975903832e-02
-1.844402890402721887e-02
-1.976206270885925639e-02
1.838526234519596847e-02
2.105463979994391319e-02
5.943856088458326220e-02
4.832488208777275390e-02
3.365031600591895239e-02
2.019014206606070325e-02
2.067429434916493586e-02
-2.964530214002860514e-03
9.414528397286483358e-03
9.069315992607761279e-03
-1.408148669774443237e-02
-2.819765086560286488e-02
-4.261126534047127157e-02
-5.891139673426980250e-02
-3.420872774676585182e-02
-5.992778356793350414e-02
-6.210340325256803740e-02
-3.331047142229080077e-02
-1.606718395863596799e-02
-4.935328866132915326e-02
-6.639139272756925184e-03
1.503720446491057031e-02
-1.211677512146932742e-02
-2.432270533224457562e-02
-7.677853804743893160e-03
-3.086772169851376493e-02
-2.871172934675109839e-02
-2.265507614909955530e-02
-2.997334824500526296e-02
-2.510524846017163011e-02
6.247857200195926566e-03
1.801916129933648150e-02
1.902907217242139418e-02
2.225023033608847928e-02
3.698920450354534900e-02
-2.770663331111932609e-03
-1.491378460527682803e-02
-2.102095381976029631e-02
2.150691134706270158e-04
-8.311035059378933665e-03
2.674817263770745170e-03
-1.996985127045011049e-02
2.775418511136343303e-03
-1.829656515353757229e-02
-1.468255817417668356e-02
-3.328588832357848998e-02
-2.620443045050146677e-02
-3.140936944288988397e-02
1.185025817629989375e-02
5.270268723700938414e-03
6.625303600899815071e-02
7.888063097372245702e-02
8.326771833138016388e-02
5.127701748020954686e-02
7.234824323669754309e-02
1.667615672923394854e-03
9.522270005941314494e-03
-4.667528270765815800e-03
-8.198652003864661045e-03
-3.671208838928143037e-02
-1.874604569946116545e-02
-1.876332731284894098e-02
1.250838706605572268e-02
9.089035482829133095e-03
1.762030929261804504e-02
3.674948174737976275e-02
2.281344934147524345e-02
-1.707078995583784925e-02
-5.571995486929973498e-03
-1.207694387129308253e-02
6.005125655164793991e-03
1.415434823455569840e-02
1.594624911924775318e-02
2.492820914153436040e-02
2.694009121933021653e-02
2.910148035267434360e-02
3.117674771283936858e-02
3.519518765038134878e-02
5.835778227748977462e-03
2.527186172514174489e-02
7.074156212309581221e-03
-2.287697347614806725e-03
5.329022004628394989e-03
3.419895884891414883e-02
1.271878168277342999e-02
1.787081288859627970e-02
1.375568643451595581e-02
4.323317821947919581e-03
3.573895879799419625e-03
1.983330970145232020e-02
8.429756619297781514e-03
1.033776026905847134e-02
2.828341908408963518e-02
1.159938113451917767e-02
-2.609100961286904552e-02
-2.424355478501219463e-02
-1.702950509553358832e-02
-1.575723081679904214e-02
-1.180295918456482872e-02
3.280834882118900675e-02
3.576556875215294168e-02
2.799883041551872592e-02
3.347260606867043242e-02
3.555755529590457625e-02
2.088437801715945646e-02
3.405402656447620302e-02
4.176338123360157778e-02
2.477384233913903708e-02
9.192359571365696716e-03
1.357619413624914541e-02
1.133235606728419907e-02
8.417815542129140557e-03
8.601381729544943511e-04
3.504715014208689000e-02
2.686857977351586602e-02
1.256266250633096375e-02
-3.822981178009776659e-03
7.136065290801048636e-03
-2.921334788163177515e-02
-2.828098836364181801e-02
-3.502911157535112951e-02
-8.967406844503913663e-03
-1.974802577222906780e-02
-7.300138337499777544e-03
-1.149681800060387352e-03
1.872003618045602405e-02
-1.217285304201988494e-04
2.847758161839319957e-02
3.364021357256263139e-02
2.004573414004228588e-02
-5.094704718907246480e-03
1.254150065440524410e-02
-5.576887505305654080e-04
-7.389558796022183129e-03
-8.135089615875492827e-03
-7.074659678827647374e-03
-4.840686413987578887e-03
-2.528051460842401302e-02
-1.238116096599898089e-02
-5.527871513385448909e-03
-1.324330458072420572e-04
5.381524384886642032e-03
1.794191019967027179e-02
1.183422666441905947e-03
-1.133541066696523367e-03
8.834154436094886209e-03
-1.872875359589240563e-02
-1.384323138419757057e-02
-2.437274096674208954e-02
-2.088512045637084744e-02
-1.648352863457657955e-02
-2.615259381390044966e-03
-2.271539198436067428e-03
2.545369689346233325e-02
1.737517436871408374e-02
1.668547753146941079e-02
1.329107794709710570e-02
1.934077669398531069e-02
1.204410634234202859e-02
1.639880762303815021e-02
1.279999176849189700e-02
2.409618071399961120e-03
-6.049799710275441562e-03
-5.622596440771241225e-03
-3.515127951042361885e-03
-4.286830457186736540e-04
1.494229618301329623e-02
2.806154072663007149e-02
2.920626678389443009e-02
3.080114037344450217e-02
1.832845744287568690e-02
2.317168326847938303e-02
1.153936926414711808e-03
-1.507009862713964803e-02
-1.129932247911031792e-02
-2.705867024049833994e-03
-1.644838274427548944e-02
5.992703492911932023e-03
1.477768757220398327e-02
2.253011041051595359e-02
1.719813230833536905e-02
7.862125122444385550e-03
-2.816984453989550621e-04
-1.630219218528694211e-02
-3.555205851509340986e-02
-3.881172051029539022e-02
-1.600506229418659221e-02
-3.265481116477462337e-02
8.719690212508578869e-03
1.677319952027531494e-02
3.256813304643478568e-02
2.721472322825760001e-02
4.253747089912663509e-02
1.516603980353430775e-02
1.796091012358437891e-02
7.940506124860323423e-03
1.057854771195174473e-02
9.795485642289009781e-03
1.247767274990633710e-02
1.085798317590868853e-02
1.212958483109411942e-03
-6.410643756806022955e-04
-3.292710865432874577e-03
-1.579144705852360275e-02
-1.564444436478707248e-02
-1.006657878067527059e-02
-1.305537684488601233e-02
7.263020940261790542e-04
1.708028672490435537e-02
1.265923459005778226e-02
2.096606626538881357e-02
2.668867762994339005e-02
6.152245855497179804e-03
3.524017099631088484e-03
1.055606975842749047e-02
2.376517424108205885e-03
-1.130999616245146472e-02
-6.362522898899624670e-03
6.368635515101109430e-03
3.401768433283810090e-04
-2.719187662902774853e-03
-3.328949270342490031e-03
-1.193824210703966007e-02
-1.531711799206619123e-02
-2.367156318267313667e-02
-1.445146888603073693e-02
8.064090089471826969e-03
1.890823737480909136e-02
1.524146482030568767e-02
2.347305423680585632e-02
3.309883732559101843e-02
1.372565032103783764e-02
1.023313330300348878e-02
1.059137690890211460e-02
3.113696815904808124e-03
-7.665127112638876403e-04
-6.056009912163273085e-03
-5.348901585402679980e-03
1.391909611720752379e-03
1.183735288504675007e-02
-1.179044849933006539e-03
1.400283335180354735e-02
1.632411481525221017e-02
1.663635465109594355e-02
1.342725851258750984e-02
2.304602969732447160e-02
1.924386531235347877e-02
1.618086132878164898e-02
6.141663030680395187e-03
1.894380592736328792e-02
1.516439230498307228e-02
1.440283596170550441e-02
1.311238778448220108e-02
2.374200831271146631e-02
1.270873368076712480e-02
1.492886899134686363e-02
1.782705441287620041e-02
1.199831918233069603e-02
4.454438336867264786e-03
-2.182801116318344552e-03
3.713200554952089325e-03
1.148468200796682812e-04
1.589108085089960612e-02
1.018547116473191884e-02
2.327287634301138802e-02
1.180067166595558797e-02
8.356839267526280229e-03
1.354154484278144790e-02
4.625891269846365769e-03
-1.681865122347237992e-02
-8.630203360115648592e-03
-9.169893442767317743e-03
-1.755892657629494133e-02
-7.034886786493202773e-03
-1.738324994276278790e-03
-4.879153755450731274e-03
1.022926018337735540e-02
3.999925064206143535e-03
8.336421460836514891e-03
2.735386004378656533e-02
2.062599541868826575e-02
2.665464060812424742e-03
1.496016343539567986e-02
5.467077783407306782e-03
-9.284913984007034382e-03
-6.968001733930412681e-03
-4.215563577544015512e-03
-1.559212867273709370e-02
-7.100825203101175480e-03
-1.876137085292390932e-03
7.251533322667083701e-04
1.304349497163498177e-02
8.749338016647446176e-03
6.414790913813871870e-03
8.661718148124754324e-03
1.035724292478903096e-02
-7.615644712021722371e-03
-7.442139608449660840e-03
-2.386132419730390558e-02
-4.253285417279268482e-02
-3.187198914857661269e-02
-3.794046717557936210e-02
-2.654646319739583510e-02
-1.245881437474168768e-04
1.394299844561556166e-02
-9.675612605408175082e-03
-8.264065469478758946e-03
-1.519544874783984242e-02
-2.927421116293735595e-02
-1.176795718485464451e-02
-1.551032517923602808e-03
2.441197246356512085e-02
2.976428057612082179e-02
3.146088289079651545e-02
2.050621761270295454e-02
3.000398256438668865e-02
2.472583695322617264e-02
1.860145571964303204e-02
1.263511380439399402e-02
6.295362064521114673e-03
2.964477677156801636e-03
-1.853554228564304254e-02
-1.756380088431140629e-02
-1.030256582481685161e-02
-4.142579423915960894e-03
-8.224441852772428063e-03
-1.004632706151302457e-02
-3.623100859159990306e-03
9.776377618979731343e-03
5.265451695951992202e-03
-2.552816579375867881e-04
1.769342324545022591e-02
-1.495599335648118908e-03
-2.310849761725497845e-02
-2.962975451723425663e-02
-1.601443791311443765e-02
-1.644211650110178474e-02
-7.843390670276293233e-04
8.974952491650790842e-05
-7.797045535517697738e-03
-2.755309704220159847e-02
-2.176166929076003842e-02
-2.185943363917373233e-02
-1.587964166137645003e-02
-2.734234417168112004e-03
-2.781865973604623690e-03
-3.621466863756110308e-03
-7.868414453534203906e-03
-6.634267447097196187e-03
-1.954900971169153644e-03
1.037862644873405529e-02
1.956031246820423217e-02
2.383453671328466736e-02
2.903666908454590259e-02
2.449720895995045888e-02
2.327074314489294485e-02
1.067009926439367595e-02
1.523650153309127203e-03
1.087424620429023291e-03
1.746096228840205919e-02
1.853926729334894746e-02
5.619754872332424420e-03
1.760275194581934974e-02
2.482474294179399729e-03
-7.401831851951532100e-03
-7.575589405264084204e-03
6.362986296421342062e-04
-1.276652219504438579e-03
4.442312485357005798e-03
2.117899828483531689e-03
9.220215703653899392e-03
7.568105211057095730e-03
-5.199196409369968158e-04
2.694699772916451380e-03
1.576596046431802400e-03
-2.818587133658776757e-03
-1.031920928219199132e-02
-8.009608751496656229e-03
-1.523884388238910988e-02
-1.585285633626748805e-02
-2.820692451662554917e-02
-1.439068689684810075e-02
-9.849507363907161750e-03
-9.590126002394711632e-04
-6.153024683800318445e-03
-2.184353269749588974e-03
-1.031536882991567969e-02
-1.214320410431761997e-02
-5.818832353573666349e-03
-1.595242391253366004e-02
-8.940238261197216291e-03
-1.388771008598712643e-02
-1.540562223802165870e-02
-1.256207841525559116e-02
1.406878255305035220e-03
3.267774150101102754e-03
1.418724670408432267e-02
2.058789325144249477e-02
4.429208686970004770e-03
2.926061991592413848e-03
-1.809212717418514152e-02
-3.486540087173197605e-02
-3.812899718909611158e-02
-1.895647546983373483e-02
-2.100864176398744079e-02
-1.629750779166775840e-02
7.798664575832676537e-04
1.316838845829837804e-02
2.471293054570825997e-03
1.785433077002143015e-02
2.599405614601313017e-02
3.102199749473324303e-02
1.502551255847085938e-02
1.329739150619339491e-02
8.899457381251085764e-03
1.262126618810152645e-02
8.539971730718548537e-03
3.161951923982456170e-03
7.316828976265308225e-03
8.594565060524020014e-04
1.189192086377172455e-02
5.275951094084204047e-03
1.995159399493821178e-02
1.083548098877389412e-02
1.121265764034039616e-02
5.003944110036194319e-03
1.088665705157823398e-02
6.249854504106514344e-03
3.666195857532984423e-03
4.567598629322751000e-03
4.111052500582090125e-03
-3.220610502832516129e-03
8.593904502017593594e-04
-6.096840504671487831e-03
-1.356738055892135926e-02
-1.647456984400890931e-02
-1.678591242377298551e-02
-1.718389428326447949e-02
1.112917394482955576e-03
5.596180823377806118e-03
1.908508977358722852e-02
2.827736976583308803e-02
2.176025825317939172e-02
2.414987544175806189e-02
1.431509727210664336e-02
-8.306596537355395715e-03
-9.541778759293002496e-03
-1.120421498618271242e-02
-2.518200492939072846e-02
-2.449604974923139805e-02
-1.250055616374003142e-02
-9.265567208905863689e-03
-1.672794092665157509e-02
-9.010970560921321634e-03
2.896173706132432624e-03
-1.130710819686843449e-02
-1.740336941309630903e-02
7.099261672938301376e-03
1.950658933371870671e-02
1.875668979379095658e-02
3.096463981703021645e-02
3.209712419410577777e-02
1.737165230081339981e-02
1.569275521100695764e-02
2.990913887964532364e-02
3.133034757242217361e-02
2.995780755532023373e-02
2.921790070294110267e-02
1.709420894135477501e-02
1.011501367602761839e-02
1.531723176381839281e-02
1.611142557372842454e-02
9.703046072774378430e-03
1.623159283688499488e-02
8.544761419736734628e-03
-1.174786866692587549e-02
-5.565392669966559396e-03
1.283716342068268960e-03
-1.522457542745192169e-04
-7.607340289142192156e-04
7.007517916520277640e-03
-2.909365520265395997e-03
1.218610120335082703e-02
7.225681739954372372e-03
7.178350398375458498e-03
9.861575496134419166e-03
2.764912198321527181e-03
-7.210888324059573813e-03
-9.161032633155539659e-04
-2.664833334920286081e-03
7.057627065833410249e-03
2.210601403005530916e-02
1.918386156666465961e-02
1.167851346154611877e-02
5.205243302572767211e-03
-3.367720267758887807e-03
1.718632561305455560e-03
3.188005563705900366e-03
5.734843005202579572e-03
8.936746925741667971e-03
1.568846444473703805e-02
6.614601258084598298e-03
3.285108559625853162e-03
1.478119239755442023e-03
-2.359858087782220129e-03
-2.122839163903331508e-02
-2.478859246212669620e-02
-2.137135231052751660e-02
-2.145947442004857153e-02
-9.889983988494790990e-03
-4.268225076159782964e-03
3.339713183569321432e-03
-8.827594699909173392e-03
-1.408794984377934739e-03
4.802547557351297819e-03
1.385370045969874092e-03
-1.040157070534348908e-02
-8.169469031709482645e-03
-1.769009611526648623e-02
-2.332203718908766252e-02
-8.954194572386418166e-03
-7.319148918077635546e-04
2.983881749939965890e-03
1.494259782438682807e-02
1.781353513140206471e-02
1.615404459816287275e-02
1.297574109742817908e-02
2.667794427933611184e-02
1.716369207293347646e-02
1.077901501883250963e-02
-1.006172538340696296e-03
5.965910731332279941e-03
1.885140433303887121e-03
3.671350441426857181e-03
6.483094599025395269e-03
1.527711248014635044e-02
3.119572644627668229e-03
-3.082887812637060375e-03
-1.839149861678953876e-02
-1.609413304605971512e-02
-8.413114743711239477e-03
8.805584929426025706e-03
1.671394178850571163e-03
2.192548209654940350e-02
1.606104564558735390e-02
8.520520848565521846e-03
8.835105113213618383e-03
1.787687553656625364e-02
7.424407070645684670e-03
-2.540201633568755363e-03
-1.008357017560822678e-03
-1.819886698559170304e-02
-1.519687031458483509e-02
-1.793878371719800219e-02
-1.581613862102773313e-02
-1.587060339822391614e-02
-8.729017882488780342e-03
-1.928431757691839027e-02
-2.198060985573433920e-02
-1.316626420399496025e-02
-1.591300369321306529e-02
-1.300394796767091049e-02
-1.568269354594275036e-02
8.244482394684123083e-03
6.850452216912062894e-03
1.279677989081112049e-03
1.565662165639206994e-03
1.366168413222005815e-02
2.248941654490652607e-03
8.896559473630234055e-03
7.034425931301746190e-03
4.318422813380668086e-03
5.377464830594016511e-03
-8.719747928676167131e-03
-2.472511525865616483e-02
-3.320696272982964770e-02
-3.027915465869875089e-02
-2.989274664785214475e-02
-3.140499120289022561e-02
-1.808870136846527782e-03
8.279852457212945327e-03
1.396854314811198094e-02
-8.244981164255982264e-04
1.646156833640780373e-02
-1.452804204055633402e-02
4.097053790355593278e-03
5.167975485602122748e-05
8.076211550358210201e-03
1.652676671853902518e-02
2.540027695118348208e-02
1.245613588434522391e-02
1.425050313141359992e-02
4.339568917100057599e-03
-3.869202396137486934e-03
-1.138097746697688817e-02
-1.487937193813070914e-02
-1.121773901933043743e-02
6.478666485762394830e-03
1.226328171997422174e-02
2.699230557734314320e-02
3.007056961511854476e-02
2.387860678955569180e-02
1.712120399577880467e-02
3.746432434060990337e-03
5.475828306556644945e-03
7.956290781120888000e-03
-1.978725337953112298e-03
6.802228546382699075e-03
1.192849545129034440e-02
-1.336855846688431680e-03
-1.059988256396975472e-03
4.822603280105858606e-03
-6.299789878861285913e-03
-2.793912746125471261e-03
1.745908824446089531e-03
2.760202879122235307e-03
5.539000815882538266e-03
9.919841560625310486e-03
8.317099853728620457e-03
1.561061070803288625e-02
1.264438489629351146e-02
8.024755242717054524e-03
6.031970022288573111e-03
-8.483712313280329653e-03
-2.108419342867662652e-02
-2.111607512039813742e-02
-9.970386590990167747e-03
-1.162531635343731599e-02
-7.859395709272458397e-03
2.405687014225789053e-03
1.193833823996086688e-02
-5.533064421336848088e-03
-1.651553094603881201e-03
1.708606414427434397e-02
2.071428167684743332e-02
1.418940340292713063e-02
2.344805647694976278e-02
2.361960917780306021e-02
1.316535947500292736e-02
1.384974644371722401e-03
5.824891107137382742e-03
9.688878397844019608e-03
4.402121527453664238e-04
4.679899293003018934e-03
6.448600646776192144e-03
1.471287589226305493e-03
1.286484262648119464e-03
1.350206817174710340e-02
4.052093595886480451e-04
5.129046763486281961e-03
1.047160661455883227e-02
6.648344268630645981e-03
-6.339792882016895628e-03
-6.307433296319887341e-03
-9.941159934823612376e-03
-1.029295311027405777e-02
-1.286108327211945429e-02
1.576664317805622287e-03
3.231812035803918563e-03
8.742416474511861477e-03
-9.825794929373781600e-03
-7.259053310487061095e-03
-1.529646319915928254e-02
-8.718110658722365985e-03
-9.887696429585942845e-03
-1.436233580702332875e-03
-8.766121750564459525e-03
-5.470155718465802459e-03
-1.205056275252739187e-02
-7.764962852003554766e-03
-7.567992955698951349e-03
8.839847005183601447e-03
7.576143364452446113e-03
1.066407475712893155e-02
1.726357951463713611e-02
2.286609272832757639e-02
9.249729806668275517e-03
1.615093963567237542e-02
1.833633225606277201e-02
-1.777223865537603045e-03
-7.468982486608937918e-03
-3.204087832993966767e-03
-2.879699228440869840e-03
-7.719827915508917227e-03
-8.040675224799884169e-03
-1.391698956926533913e-02
-1.073565328269901302e-02
-1.844173774841561045e-02
-1.258064494649202211e-02
-4.661421358626202313e-03
5.512840903420931568e-03
1.069498654506719632e-02
1.106350549998601912e-02
9.065132308665383234e-03
-9.794237915699902097e-04
-1.698973418832073340e-02
-2.992163665407848727e-02
-2.714720867489008038e-02
-3.262054548013886002e-02
-2.467468370178360279e-02
-1.576225449899817596e-02
-1.237176537661077713e-02
-7.832313469570464579e-03
2.330264919987182649e-03
-5.696123704575522043e-03
1.523552758726723182e-02
8.154818189153225511e-04
-5.899855440694516326e-03
7.767443988226300014e-03
1.549715519145020495e-02
-3.669671465609619220e-03
9.334880397409758140e-04
1.582881522898275939e-02
6.341474495785782810e-03
5.184832668328951538e-03
1.943423125897349862e-02
3.421980815274384274e-02
1.796991153917124745e-02
1.300530169466573502e-02
1.307550064985594715e-02
4.836989295078120664e-03
8.992691855745334542e-03
1.187858173429378640e-02
8.914888147209757557e-03
8.514550581383648759e-03
8.613870189132066812e-03
9.572616791935550928e-03
1.091440834867270573e-02
1.694959905447235640e-02
2.587844459641441483e-02
2.755681387659681542e-02
2.027105963910447173e-02
7.335173927816926107e-03
2.093678688335549876e-03
-9.359970658936157817e-03
-7.429544861458914351e-04
-2.502670915275078626e-03
3.675267590711422776e-03
4.934184382823840649e-03
6.294784911979571171e-03
-7.006609150551870030e-03
-4.523734504869512257e-03
-1.316074668276742731e-03
2.947383368038038014e-03
1.214981505129232586e-02
1.195209388689217819e-02
6.292800138216141093e-03
-4.047134348996997075e-04
-6.181186212732578920e-03
-7.848459400499161950e-03
-2.221253155908981328e-03
1.056860090127131630e-03
-2.686318720675951247e-03
-1.151765087372026838e-03
-6.650240296644794637e-03
-1.576083886998319583e-02
1.103581092899534599e-04
1.337563172544822127e-02
1.209497601504080228e-02
2.443546421384228118e-02
3.298386356611848758e-02
1.633022360238666967e-02
1.613975669307423505e-02
9.830031359866492000e-03
1.678961812306951169e-03
-5.611943221862929383e-03
-9.160210582597732437e-03
-7.087454796221072557e-03
-1.928977233105439587e-02
-1.864893740105155739e-02
-1.260517995165515506e-02
-1.042245518024944619e-02
-8.761800908079502362e-03
1.746853587441858299e-02
1.676768372572472535e-02
1.038115521497953893e-02
1.396090981184694955e-02
-2.350003499231260312e-03
-1.545703733209889338e-02
-1.581857397699107035e-02
-1.996225988780078384e-02
-1.319423453969787927e-02
-5.570819132821762561e-03
2.338948142705194865e-03
-1.708969334958240251e-03
1.640151971913745774e-02
1.127423443768649225e-02
2.005423334547383821e-02
1.585638288842563734e-02
1.584551245536034228e-02
1.334807931389488458e-02
6.067523312315399250e-03
3.881544355249246479e-05
5.330539880471619682e-03
-1.848894159310623952e-03
-1.106891368531152248e-03
1.047739504988655715e-03
-1.707694261300743248e-03
-1.233113792626383196e-02
-3.739456291690589594e-03
-9.938961864875457339e-03
-1.320408991835111609e-02
-4.523735328813820004e-03
4.581664268150058630e-03
1.678776618763574979e-02
1.902063464811789423e-02
2.568459787420948950e-02
1.995682176206391156e-02
1.618285785413546563e-02
-1.926997657057194849e-04
1.549059369647567963e-03
-2.807759504249011419e-03
-3.294807140132281938e-03
-2.662359414249575174e-03
-3.088257096753086080e-03
-1.648836323736471536e-03
-1.091535529394393154e-03
-6.220586704767533566e-03
-2.923674820033587713e-03
9.772522006145003409e-03
6.632427841180706454e-03
6.737520308027872620e-03
4.864207788244766933e-04
-9.173988393524708154e-04
-1.493575106618733397e-02
-1.803352584185265520e-02
-1.533426272003392786e-02
-7.881260494103863035e-03
8.187790340374478948e-03
1.799402096855848635e-02
1.795720339249777878e-02
1.704397048212452984e-02
1.756787563421403908e-02
-4.246841609146727314e-03
-3.456547813804981654e-03
-1.327639105542068824e-03
-5.111152307347860153e-04
-2.234757006398175802e-03
8.772668293982436444e-03
2.073794353485409244e-03
1.929869609782592765e-03
1.149322076252945121e-02
1.480726938509103509e-02
9.043633431350573890e-03
1.119749335107221577e-02
-4.835414264122950626e-03
-2.638289784790517206e-02
-2.303132832937490951e-02
-2.526483635130953934e-02
-4.051968661022705559e-02
-3.436056234047013547e-02
-1.892738726441126756e-02
-2.537133267462618816e-02
-2.785957901264569242e-02
-9.292681812092957669e-03
8.734808907820332952e-03
1.030949465857841640e-02
-1.744650373130691642e-03
1.069402726593201257e-02
2.133495141778321558e-02
1.197934435400995271e-02
-1.168372102904914611e-02
3.154061317729005103e-03
-1.103623008769363464e-02
-2.184350901119975694e-02
-2.827949822890311188e-02
-2.225669370415710863e-02
-3.229176232373801025e-02
-2.100478616456710051e-02
-1.408079871302467256e-03
-6.070753421050811317e-04
2.171534682755136419e-03
1.333730903511315749e-02
1.785524439734954144e-02
-8.442153740060213615e-03
-5.640981410991321478e-03
8.375281077411169534e-03
-7.421744732229989400e-04
-4.963544969940058248e-03
2.165686761301688357e-02
2.044048711993826789e-02
2.341696080001608171e-02
2.526723549090935036e-02
2.228589466993559365e-02
-5.822708136163565890e-03
-2.254141141514954573e-03
-6.079958328624308211e-03
-9.733233495586248243e-03
-2.527589051503928430e-02
-2.340936266979088548e-02
-2.626226738982452222e-02
-2.835260219670040702e-02
9.609897391731347938e-04
5.498888382579515330e-03
3.303135991314834485e-03
2.117578820169324985e-02
2.555872734042428235e-02
6.795320477899852163e-03
1.120083240224688942e-02
3.038140676891628450e-02
1.241360973563468764e-02
1.606456777705060970e-03
7.078334343196311142e-03
1.342286313792621227e-02
6.332799353247174634e-04
-6.973861502804624794e-04
4.404787028901638313e-04
-9.011827372231908523e-03
-6.629879679981938792e-03
-9.913278024047463000e-03
-5.943506558126848000e-03
1.102838325661194101e-02
2.301993792928349117e-02
1.998277786476982884e-02
2.768530606930142898e-02
2.284833860702221997e-02
1.024617440553639118e-02
-1.885369575205906797e-03
-1.094968263826634567e-03
-5.551805070907762235e-03
3.277815950260485646e-03
4.195068239025145744e-03
9.529163497705151614e-03
5.969437607759831357e-03
1.221767555209580386e-02
8.772399651622133157e-03
-3.086934862389652257e-03
-8.732854749446739007e-03
-3.765192182719590865e-03
-8.787454212433466749e-03
-1.903855312747979728e-04
1.360425271352772372e-02
1.705593148315717733e-02
1.584096977383275123e-02
1.651493156608935253e-02
3.527673444089695406e-03
5.379835104989438496e-03
1.328621322855406787e-03
-3.704780026794423850e-03
3.920566530071365602e-03
1.409972981866374452e-02
8.573229025439031009e-03
1.569522741190649412e-02
1.589840154999119792e-02
3.725007058509919363e-03
-1.677606698835478090e-03
1.013112463737805141e-02
1.065346872551016337e-02
1.023304220740475431e-02
1.442249626919909350e-02
1.437036288921219630e-02
-1.851749049172524315e-04
7.076471871658948122e-03
1.180771709901001082e-02
1.353102857792533309e-02
7.823496663562024001e-03
1.167285473832710939e-02
3.025879763332459289e-03
2.179767305190970575e-03
5.797342397168330809e-03
9.724896020339199310e-03
1.195050776553856220e-02
1.605235828805511369e-02
6.365776335353290349e-03
6.606538692848905759e-04
4.064402988114908417e-04
-1.047991755780495506e-02
-1.577440422636629952e-02
-9.512565656335817896e-03
1.341675381213720819e-03
3.549742988592882731e-03
1.300887551172162995e-02
8.005367898536496288e-03
1.209396581242302114e-02
3.357223705670061772e-03
7.478263074112048714e-03
7.799352986091334303e-03
1.542821078894765149e-02
1.459349930484359591e-02
1.154800460885888926e-02
6.859815808055447217e-03
6.793586410346466771e-03
8.497427398393027874e-04
-1.382622439329763211e-02
-9.888090440870220960e-03
-2.376684530231884876e-03
-3.890639523579472302e-03
-3.031100000603039000e-03
1.946263950932857270e-02
2.001868702767261449e-02
9.543621971993350786e-03
4.743758059212972028e-03
9.356755460206478414e-03
2.778046899487317256e-03
-2.264395016691104871e-03
2.193379070781686577e-04
1.284971046589693418e-02
1.216118340129300132e-02
6.658373925784343700e-03
9.862221131590584791e-03
7.276037933818565832e-03
-5.056601667198536848e-03
-1.150880873923068592e-02
-3.930409616471870239e-03
9.044464981961082214e-04
8.425854653387166403e-04
-7.285838599102589797e-17
4.131043910743259495e-03
1.015745781671454316e-03
-1.207820315006100792e-02
-8.380469529898581377e-03
-4.373976399647401016e-03
-1.236115949785039983e-03
3.856213182222988263e-03
1.480080810775118508e-02
1.340041190257933168e-02
1.302288398354381829e-02
8.109250800449023175e-03
4.680670725471168872e-03
-5.452642734370355057e-03
-2.734396494908894297e-03
6.625477351889335655e-03
-1.733149003059927112e-03
-5.833090092734996741e-03
-1.638754537517941260e-03
5.810369583405892296e-04
-1.313253628460353539e-03
1.535998562607854973e-02
1.826166141370386825e-02
1.839213742278217323e-02
1.333440275215267215e-02
8.157225857479940070e-03
1.637811327497860295e-03
-7.157581038069054519e-03
-9.457218333477165895e-03
-2.586207537575655087e-03
3.634735578624918861e-03
5.851754084228376687e-03
1.208196883707006106e-02
1.818895871837343178e-02
9.214746013901495628e-03
7.418095974069670610e-04
-3.865284858833748557e-03
-4.248016738038503867e-03
-4.243095536454639244e-02
-3.548003244025801917e-02
-3.721991406418898030e-02
-4.511813693715110984e-02
-5.331545321225826528e-02
-2.598011651270536529e-03
-1.061181109080358217e-02
-9.126573827200968117e-04
1.123299671995036698e-02
2.336190485728849645e-02
-1.259145136800459905e-02
-3.454256716246812027e-03
-6.878624487517183590e-03
-1.139167246165369643e-02
-3.232802041423052386e-03
2.365925537748751403e-02
3.392701841550902625e-02
2.990155540868822542e-02
3.483100271266393461e-02
2.496286819580214103e-02
1.244582591553869758e-02
-1.248850210293539834e-02
-8.407270538937534898e-03
-1.067574737921196150e-02
-9.049485038260134118e-03
6.391382403009269325e-03
1.550126595941967930e-02
1.481383141312249234e-02
1.657706701773645208e-02
1.659659617788819888e-02
7.647641929108767514e-04
5.839682138107098359e-03
6.276299333040546470e-03
1.628629183909778219e-02
1.581607892360175835e-02
2.310355662707509056e-02
1.571366628319097181e-02
2.144982177816210506e-02
8.544634434634913733e-03
6.050415773538159701e-03
1.544549668524004132e-02
1.586554583639334867e-02
6.526954200463412972e-03
9.718499617709548677e-04
3.970743498708398031e-03
3.342983345028067640e-04
5.432774460533969056e-03
7.700866511800184486e-03
1.812305268005505454e-02
1.430871349710748607e-02
1.107534146951770319e-02
-7.294992034551696716e-03
1.527363523026493974e-04
-4.202285285341763287e-03
-4.340468634542388356e-03
1.030857659117807683e-03
1.416699537208518378e-02
1.116040412376061858e-02
1.449704323958543595e-02
1.515910323098891219e-02
5.361599535329811608e-03
-3.469896945937558409e-03
-4.620752525569887630e-03
-4.593835204775045984e-03
4.000847021786275125e-03
5.463648662114424688e-03
1.894365257509544528e-02
1.535268376881683550e-02
8.422295387984009285e-03
-8.432871527513610688e-03
-2.641367382228504423e-02
-1.883750025451311205e-02
-1.972314572648072722e-02
-2.510090729798524975e-02
-1.127552194087661289e-03
2.140315145065877292e-02
1.660247015371506610e-02
1.442711017617655592e-02
2.689556628072685418e-02
-1.868957962604654924e-03
-5.123076202558553977e-04
-1.999755297854157593e-02
-2.199650766972178692e-02
-2.696923634296826550e-02
-4.305811637382035706e-03
-1.088552708641414915e-02
5.255759496384975263e-04
1.437800111982208591e-02
2.119530882716793435e-02
1.257384193442710393e-02
1.629071566330955040e-02
1.878020434024463975e-02
-6.146185242974687435e-03
-4.014938444796574586e-03
1.451323963472161277e-02
1.431129735105630962e-02
1.146907879656103475e-02
2.565927890839790615e-02
1.788671485497060620e-02
3.470101356713579423e-03
-1.192266087116381802e-02
-5.143875370589407262e-03
-2.505021221656717617e-02
-1.832799049359088578e-02
-4.640223282432424934e-02
-5.022690851688529912e-02
-4.488258603779331224e-02
-3.760671748697034383e-02
-3.504491256546416605e-02
-7.079947444441545695e-03
-1.790490637841615079e-02
-4.242617524274919227e-03
1.462515003905743433e-02
2.138233599441543425e-02
-1.306554751576017442e-02
1.425870662588247205e-02
-1.010078440498209454e-02
-3.456465455851472773e-02
-6.254386559711665183e-02
-2.920227790565264533e-02
-5.311177108113469825e-03
-5.085449057415598884e-03
1.432341171715458342e-02
3.997369084726371674e-02
3.565727806959324842e-02
2.285672959733496198e-02
1.458646049953567052e-02
-1.025194767221221555e-02
-2.117175718857194910e-04
-3.328600556411126510e-03
-3.643315315819170563e-03
1.531044567432739319e-02
2.749561493908241755e-02
1.005343647597529283e-02
-2.809825825199337851e-03
-1.523775300820650117e-02
-1.211132569023354311e-02
-4.959359067182016884e-04
3.645507729294351559e-03
2.090072042638376967e-02
1.704077532682531787e-02
3.229012057261076291e-02
3.831046418474083615e-02
2.318020955567564462e-02
2.757649827381941643e-02
2.743975949516520851e-02
-1.692510664279946522e-03
-2.363755796199472174e-03
8.281664748239280643e-03
6.552006786398412511e-04
1.912766833083098805e-02
1.920527739609304355e-02
9.246314226513001333e-03
7.455558893312246374e-03
1.999843985664073037e-02
3.574581980909593854e-03
1.190330809347718739e-02
1.475175868144657995e-02
7.471222651464332586e-03
2.699300532695348732e-03
-2.495733858825978195e-03
-1.715424749855275904e-02
-1.368060279464669224e-02
-9.261739805940336773e-03
-3.995401032374907430e-02
-2.774610141914891220e-02
-1.238689500662906208e-02
-1.659114926360171979e-02
-1.681499755954396838e-02
2.282777072359145135e-02
2.274236528799072204e-02
7.493653566671947507e-03
2.185872242578907471e-02
-3.943371662784501963e-03
-1.683494185792992759e-02
-2.550780637857335414e-02
-7.046229194786762448e-03
-4.877661691311649395e-02
-2.257390669817505718e-02
-3.776585519107372724e-02
-4.283721434637056263e-02
-2.613663485306104081e-02
-3.421386234836915757e-03
-1.614569630894151231e-02
3.461045855054865721e-03
-4.114983633194766593e-03
-2.831660402198886428e-02
-3.727720434295712926e-02
-7.227289671007476601e-03
-3.595693657428977036e-02
-3.522658937181465805e-03
2.016080046368328230e-02
3.669223995326412191e-02
2.768299873702948985e-02
4.529122939948336535e-02
2.390969607075171810e-02
1.082598771648840205e-02
2.527459880051680097e-02
1.575491034276347430e-02
2.914154033877788125e-02
1.010740674059421029e-02
1.063370720518846090e-03
-1.263802626846945512e-02
-2.470014536917016987e-02
-4.731689394333680326e-02
-1.546086310909199936e-02
-2.285449894723066630e-02
-1.918983827628818403e-02
1.118420704104128999e-02
3.436362189315171622e-02
2.891177146247916538e-02
1.588826492046482158e-02
1.250266929122812072e-02
-1.090492168546444013e-02
-3.349256507457604864e-02
-3.430087410772312412e-02
-4.477358097701861911e-02
-4.305814630728184433e-02
-5.470573545879399424e-02
-2.663054261290782182e-02
-1.871383071578185814e-02
-7.544511820392823392e-03
4.938959674234862096e-05
-6.668753535475649419e-03
-2.582874909915227474e-02
-6.326963754119087346e-02
-5.564475554221343101e-02
-7.760378957875498085e-02
-3.114735931937486282e-02
-1.550703534004130822e-02
-1.982097803395132044e-03
2.147780193667490900e-02
3.876573985097057223e-02
1.277483147754507678e-02
1.939554584978986362e-02
4.755800402543702149e-02
1.964388359550623894e-02
-1.901547034647181958e-02
-2.189294102686003760e-02
-3.067125101706295182e-02
-4.704705040622107065e-02
-3.065733367990788535e-02
9.100767116148229113e-03
3.026597454379332391e-02
8.898773865798228697e-03
1.394875146725046630e-02
7.180348860022181534e-03
8.246999467571375364e-03
-1.821622309831883585e-02
3.145855469200955351e-03
1.602660389563865390e-02
2.381737153907480947e-02
1.459122610104979928e-02
1.855999763809858608e-02
-1.675311791038415141e-02
-2.993785352618855838e-02
-4.028553069448863322e-02
-3.414100793540674611e-02
-4.741877346973690649e-02
-2.840130665538324189e-02
-4.451900263835399663e-02
-4.608284599795675618e-03
-1.886921826857553691e-02
8.504463680239287074e-03
-4.051882506238856096e-03
2.533349202792561233e-03
7.611113018472483172e-03
-7.939605248149298605e-03
1.060885745194213928e-02
4.681637442865181631e-02
5.811667624499210205e-02
7.777374677352746901e-03
2.083771275449732008e-02
-1.080653090106029057e-02
-2.034063809344831622e-02
1.262520631023599307e-02
1.949366851745461260e-02
3.232111884867107376e-02
4.109875610151276365e-02
3.698800120050866475e-02
-3.392173863123330250e-03
-9.581221831489246388e-03
-6.417940472841081843e-03
-2.779821763376769117e-02
-3.274812088758136813e-02
-2.304570877352556460e-02
7.516930721715706087e-03
3.675578174460094466e-03
4.223662922011495874e-02
4.407141918062849190e-02
3.063281669064011822e-02
1.109088893825899320e-02
1.688978324487348109e-02
5.387066167455278193e-03
5.889644077722860568e-03
1.084264412528743865e-02
4.093204874117359685e-03
1.466705837727516962e-02
1.142369728597803120e-02
7.931960566758005163e-03
1.945103957834233219e-02
5.024905244058727738e-03
-8.307727832707939922e-03
-1.828626893317310265e-02
-2.781885030258479316e-03
-1.078943613814498971e-02
1.148799988484897408e-02
1.835400575421088781e-02
2.635178851938173999e-02
1.628893884121452099e-02
7.356827657664396711e-03
-1.282454215903029715e-02
-2.073942401198793431e-02
-3.528747530884746020e-02
-2.936222541104347578e-02
-1.609030995910488288e-02
5.414233463170412680e-03
4.315292494436530867e-03
7.053903734373787732e-03
-5.573630912302045964e-03
-9.855439561203025584e-03
4.132338806746415488e-03
-2.875901758613738299e-02
-1.740582097673022688e-02
-1.404222734418576236e-02
-3.075415863241373615e-02
-4.678836159479705936e-02
-4.778343936682853677e-04
-1.190341521686856400e-03
-5.543655493145851175e-03
1.735734036198727237e-03
2.206703837560667920e-03
-3.144441521954077778e-02
-3.147221031583767592e-02
-2.749665833738467596e-02
-1.191096631046233492e-02
-4.546128321417689661e-02
-3.046870947866909402e-02
-2.925535814878980900e-02
-2.260792200062037779e-02
-4.680566752340840908e-02
-1.590732830860162178e-02
-2.060376251979637030e-02
-4.934065653605667484e-03
-3.180224773156681284e-02
-6.465466432869978151e-03
-1.871068618917642867e-02
-1.935875333602012083e-02
-4.725598416958848996e-02
5.381771299318542645e-04
5.513722191332158865e-03
1.695130371899869134e-02
2.548058164787049898e-02
4.984354894207051329e-02
2.914487476407544991e-02
-6.192093574663274508e-03
-2.318931703947510296e-03
-2.055100645286454114e-02
-1.086543174541830178e-02
1.613176837793432739e-03
1.177826051644338852e-02
2.025400112499757023e-03
1.179053082468365862e-02
1.701718726772949095e-02
3.831384145725893337e-03
-1.034209268600663756e-03
2.817167065868511275e-02
4.409693496046566963e-02
3.658979320710136970e-03
-2.609678676103148551e-03
2.099343017275588294e-02
1.449212406262033632e-03
-2.068247003955355628e-02
-1.791715920360024278e-02
-8.819030207879772695e-03
-1.183378551159011520e-02
-4.632497649945803084e-03
-9.240126428924076360e-03
3.798025566323909655e-03
5.570779537138971851e-03
1.781002923770899637e-02
-7.277613705864683161e-03
8.442045219722069116e-03
2.725298637832860877e-03
-3.560452021266249933e-02
-4.591464897232470227e-02
-1.179328268037897406e-02
-4.242685709643737035e-02
-3.425911307169959147e-02
9.831682288876309600e-03
7.529991386691047006e-03
-6.105565430553193396e-02
-8.949643015352913566e-03
-6.336826755903979258e-02
-3.465139887967005894e-02
2.696692215693234640e-03
1.199287239373367231e-02
-2.113476461025144346e-02
2.517358204529580173e-02
2.210585764281385729e-03
-3.388007064407288355e-02
-8.708285848859111111e-02
-1.856858875257264702e-02
-2.114324687582654072e-02
-8.173400563046462342e-02
-9.870929299220157493e-02
-4.579897035320713850e-02
-1.576649195389961677e-01
-1.645079823249219197e-01
-2.026070969195039595e-01
-2.008375075993092118e-01
-5.198627029742923511e-02
1.785171070997930952e-03
-8.151254688771976398e-02
3.934033871635716356e-02
4.493710925578039972e-02
-1.805198101432653468e-02
-4.399962373685967210e-02
-1.225757854047655748e-02
-4.133150298559924024e-02
-7.022007500412723313e-02
-1.490827416494882873e-01
-1.534139063948178339e-02
3.647078187085366074e-02
4.939253426140833431e-02
9.976185811126404845e-02
1.295093991363444608e-01
6.706651911979796821e-02
2.409216736615057280e-02
-5.295569114974225250e-02
-3.975805507624255442e-02
-4.995970296805057886e-02
-1.122613816783831764e-01
-1.114349886929401623e-01
7.058810376267043996e-03
-6.398086221670032381e-02
-7.739631602344182459e-02
-4.531882528505794261e-02
-5.513545532354426071e-02
-1.915398915260086987e-01
-8.761839979007397805e-02
1.245181018081090163e-03
-2.015695853393883845e-03
9.580820155319524911e-02
1.748869608847790913e-01
2.002243813150247909e-02
-3.528128706631543376e-03
1.545050559921584687e-02
-4.901439559700828535e-02
-2.276221857427674494e-02
1.084431865307176612e-01
4.589057807796927818e-02
3.220653766366510240e-02
3.301427494174283273e-02
4.169015230716624498e-03
-4.626669864755280498e-02
2.720706161736533707e-02
5.743884096243838736e-03
1.329282346296332268e-02
9.221584214174507674e-03
3.516837939321539042e-03
-5.633296283350181649e-02
-4.092929646010055877e-02
-1.419759171033935924e-02
-2.101030122054341198e-02
2.157529432901441474e-02
4.539932747345211406e-02
7.075364737012514171e-02
6.073247730181335902e-02
7.239933224405381562e-02
1.781619316026084032e-02
7.148460692028710955e-03
-4.550356985563654144e-02
-6.364686903670992157e-02
-6.967709123470319788e-02
-7.324043550431377780e-02
-7.530345202933597104e-02
-4.623710617975989451e-02
-7.767653317500419763e-02
-3.686099032157670596e-02
-1.810697227227237027e-02
-1.407202115613217890e-02
-1.606730255765505960e-02
4.906104160074042236e-02
3.949582221418719563e-02
2.109320418839193134e-02
-7.322867105377609681e-03
-1.339362723511804305e-02
-8.550018326654189316e-03
-4.907455444908982722e-02
8.396986183429253070e-04
5.043320156441714192e-02
5.245020325858733984e-02
-1.362840467850721937e-02
1.812769984678188478e-03
-1.268276325815975887e-02
-4.927145358267148723e-02
-9.738504512005644043e-02
-4.796719310415362147e-02
-6.798756722603928326e-02
-8.120381484757673018e-02
-1.064711239486870742e-01
-2.052157490885556101e-02
-3.028578286852888143e-02
-3.409456281579749393e-02
-4.646245472247386571e-02
-5.888902598332156763e-02
-1.046364532433993882e-01
-7.044606949556524167e-02
-9.800369483549888072e-02
-7.294189626921959713e-02
-3.527425264845349129e-02
3.287175770878992404e-02
1.183923013472189430e-02
9.522360718887183662e-02
1.017175278019282342e-01
1.082696523712693565e-01
7.818527950536671711e-02
9.638584054643445365e-02
4.340063767874792477e-02
1.572397371852077286e-02
8.761248163722262783e-02
3.535186108763446744e-02
2.428880155573698990e-02
6.040553179480088325e-02
5.984824336008955081e-02
-4.395746742546757097e-02
-1.028693795111198378e-02
-3.446227016386384928e-03
1.823396705089699865e-03
3.203283638545477430e-02
5.910488419659466058e-02
2.191704650118950562e-02
1.721056040829397477e-02
2.623542506772172378e-02
1.908086862927918514e-02
7.179627021024762717e-03
4.379422672749048312e-02
4.749897912637565667e-02
1.510894273218134354e-02
-3.115343226550253836e-02
1.014446917557871447e-02
-1.003778143871710861e-02
-1.558364785866825711e-02
-3.882868064876102143e-03
2.973175357773472777e-02
5.958071721739402297e-03
3.504924567438178623e-02
2.422528338785559857e-02
1.294932969333183539e-02
5.637416078010387688e-02
5.531952894265931148e-02
5.119429354491449036e-02
3.885447377989836165e-02
5.725649583320421843e-02
2.202062042724502178e-03
5.021656536542093083e-03
-3.949616032948978506e-02
-1.590738935095702133e-02
-5.116696863413827678e-02
5.168165651489829704e-04
-2.421944712471687210e-04
2.187633137731840455e-02
-5.321658645789911074e-03
4.655685750107670974e-03
6.812983537314298843e-04
-1.673378040076418244e-02
3.712147453835292973e-03
3.409515137202248636e-02
6.108342774161600042e-02
3.710255711620667057e-02
4.242151613986487602e-02
3.853848111547862609e-02
2.253717773881102476e-02
-3.963831577058353484e-03
-2.448108790633056475e-03
7.899955580108794506e-03
2.575032687484930631e-03
6.488911024521422204e-03
-1.655561477462965878e-02
-3.285457556368871768e-02
-3.075069765050314485e-02
-2.846817989516365471e-02
-2.675484252014054265e-02
-3.377761559736754821e-02
-1.867164606996381954e-02
-1.078587377885473035e-02
2.055895214512177410e-03
-2.532383357334037823e-03
3.757027781475177908e-02
2.669885768206750262e-02
2.454805348139254412e-02
-2.624721534281421881e-02
-2.220583288995385887e-02
-5.110991509410054562e-02
-4.421249462886904513e-02
-4.502399319020326807e-02
-1.947624644192929438e-02
2.589240231040939449e-03
2.777100883002535381e-02
5.864037487306121565e-02
6.370406350244919857e-02
6.735126644692390752e-02
5.409002013242777962e-02
5.240875141875584592e-02
2.267489716740501288e-02
3.709286170001255267e-02
4.051314027669907641e-02
3.212382693993802441e-02
2.589326531016078112e-02
2.185427865947663778e-02
1.065706362332059787e-02
8.359029263626947120e-03
2.060724796493808991e-02
2.622466549439413097e-02
2.788022690416175342e-02
1.041431006182591719e-02
2.302450151029430958e-02
4.448336958132818528e-03
-1.130016907340336899e-02
3.076906336635170172e-03
1.557388978695814670e-02
-6.343760722573007008e-03
-2.755316484686604755e-02
-4.717695843550832532e-03
-9.339443189403436735e-03
-5.306666001434298674e-03
2.171276370126550351e-02
4.572677863145502286e-02
3.799890905593705098e-02
3.127814556457057804e-02
2.316681785204862884e-02
2.725030394250857035e-03
-4.838222227147543492e-03
-2.957711236232146712e-02
-3.299571666372545092e-02
-2.727503448437489098e-02
-1.225248304383643252e-02
4.662761326385302108e-03
3.478724666863437787e-02
4.845742379104352876e-02
3.860750235151052395e-02
3.189436605045577189e-02
2.621875671126077181e-02
3.367380574826038531e-02
2.024118396603076173e-02
2.422639054872971487e-02
1.449416893373447167e-02
1.791708103135799049e-02
-7.409785484207636122e-03
-1.390200467041034782e-02
-2.264523309233646906e-02
-1.579265334880695926e-03
-1.036467956604518285e-02
-3.578973248134324769e-03
-2.011963654964109630e-02
-1.852598103118627271e-02
-2.141338062042856538e-02
-5.568899408478749508e-03
4.728892872603160033e-04
3.401224665723481810e-02
4.415276251017097309e-02
3.376408611841262564e-02
1.736016591854565999e-02
3.204597241627761550e-02
2.875267685597729383e-02
1.499684284407605366e-02
1.998143201502360078e-02
1.651428745881284438e-02
-9.772689516627745127e-03
-3.334165474512826646e-03
-7.456457359083983570e-03
-2.860433854503655060e-02
-2.566899647468760814e-02
-3.651014870274689461e-02
-2.482739872728728647e-02
-4.104011138963828409e-02
-2.281794375217866683e-02
-1.707157232219714063e-02
3.704891064549343388e-03
4.876539511956094752e-04
3.145380628602288675e-02
4.701323801027620930e-02
4.452618155558522861e-02
4.850346210977102973e-02
1.913821583007899174e-02
2.236097876693021042e-02
1.472987042015404431e-02
1.571284647316260885e-02
1.022513789320384295e-02
7.020691240615507464e-03
-1.922298222013920071e-03
-2.762360856177021803e-03
-4.214794288704496947e-03
7.475633757993136765e-04
-3.119330880468548783e-03
3.886589755798191582e-03
2.365578409865667572e-03
3.241667929608834514e-03
-9.689936442661270175e-03
1.318807577956538149e-02
6.930824422697260366e-03
-1.537657023522147337e-02
-1.205356483808303972e-02
2.206752673534789766e-03
3.887684481548481404e-04
9.795497582174609100e-03
1.453758081467467628e-02
1.199952951360451318e-02
-5.704104044011250145e-03
-3.567480032042771691e-03
-5.379911903324700873e-05
9.065823217377576640e-03
1.023424980930685846e-02
2.735757081906357163e-02
2.269803406002367241e-02
1.084702285118834854e-02
7.485219829029040282e-03
-4.911236721770281810e-03
5.762437973631403393e-03
7.719854658550046045e-03
9.667260634982577372e-03
1.346506851240141141e-02
2.644308745145997758e-02
1.227223691291821905e-02
-2.640414927860598032e-04
7.482042952750945358e-03
5.912311019510884183e-03
-7.847398356793915813e-03
2.829521222358548013e-03
1.600581059441805870e-03
-2.581753254690641666e-02
-5.063079859842958136e-02
-3.516111324342498928e-02
-5.179532229894767692e-02
-3.627265282847455530e-02
-2.903412108976601014e-02
-1.652214050963961289e-02
-6.944394017065964528e-03
1.015718427592242172e-02
-2.004489752279190254e-04
-1.994817949075556804e-02
-7.177450079946384731e-03
-3.024555872669023107e-02
-3.017923739830666308e-02
-2.692495644377554745e-02
1.434478194113264320e-02
8.703485460364909776e-03
3.544694209700053472e-02
2.672010492012453706e-02
3.551833208192742980e-02
2.806868461041714391e-02
2.977064560543795160e-02
-2.466528760221783911e-04
5.197862224457330468e-03
-3.448504062203287899e-03
-4.228346368936347632e-03
6.925316179587710091e-03
2.142969212767268164e-02
1.218528195188319299e-02
1.799764658431972711e-02
3.050353682906576519e-02
2.022066797328549159e-02
1.960420899437132977e-02
2.368945437718388003e-02
2.399367261111846894e-02
9.866020239421791072e-03
1.049372429503422563e-02
1.653146725422207849e-02
1.782190768257276708e-02
1.346263424237770581e-02
8.580577360857693375e-03
1.321084383660186233e-02
1.260720663824207478e-02
1.293963418390126768e-03
-8.575853824945760609e-05
5.751118529351660971e-03
6.335905742969652997e-03
-7.668135789001297425e-04
1.463391990355429259e-03
1.055546707920840960e-02
1.771474590630787993e-02
1.373047846885885014e-02
7.793777038666441573e-03
1.444068078755412002e-02
1.371589507886148904e-02
7.584216492913715447e-03
6.586503657401529543e-03
2.356890972457216515e-02
2.104243228489405607e-02
-1.877218430484694708e-03
8.688714519049936871e-04
8.209751149139531828e-03
-3.898128386471053780e-03
-2.478991734557678406e-03
2.087725836720765241e-02
1.206041327258474891e-02
-1.962527264318827264e-02
-1.216379782930540610e-02
-1.564938191106028664e-03
-2.545101601419057571e-02
-8.110054205835326435e-03
-8.577613984551896165e-03
-2.162791416351289228e-02
-6.737653508876612074e-02
-6.601537112980732092e-02
-3.601592443745402911e-02
-1.529180039850204856e-02
4.962533804102534432e-03
2.563147455884108583e-02
2.207913935179877524e-02
-1.984681117280822846e-02
-3.074136703933971759e-02
-4.953082830117978841e-02
-7.706712424972095299e-02
-4.317551027606679470e-02
-5.727631022076296041e-02
-4.262480367111267515e-02
-4.315841350474874938e-02
2.894469410169456594e-02
1.580169170584426117e-03
-2.742137830326627293e-03
2.241841551336348076e-02
3.213868619045759378e-02
-3.522606766805056605e-02
-3.639864148836041008e-02
-8.168020520242647367e-03
-3.964184537047332757e-02
-1.460519168773885545e-02
2.478236614470975124e-02
3.660053837866868165e-02
4.890672133365013552e-02
5.431002872144272131e-02
2.651236886765521300e-02
2.345851726349260785e-02
2.140051325185043929e-02
-1.802316243363942874e-02
-2.045701234061272217e-02
-3.868548135795339682e-02
-3.714646356486289713e-02
-3.531817523211844279e-02
-5.062518048733793963e-02
-5.779969519960449775e-02
-4.409912530389734076e-02
-5.162767898974426201e-02
-4.424694349163209306e-02
1.811130985884066430e-02
3.764441878383381623e-02
4.806819585970738967e-02
5.347410121996171162e-02
6.339119806807705371e-02
3.238603139501979034e-02
2.421276499977553093e-02
-1.220820846760404740e-02
-6.976772485648274208e-03
-1.088672105222856200e-02
-2.363427696972134756e-02
-2.565977703709310109e-03
3.486335218138559428e-02
4.003719131020676281e-02
2.763540883369419721e-02
3.359207577770029207e-02
7.161095734758001104e-03
-9.618272533877997342e-04
9.683792811049203586e-03
5.925806477238599809e-03
1.890471717554674524e-02
2.180267955284864376e-02
1.802826679025235773e-02
1.712825116491122589e-03
5.354381538939037566e-04
-3.408084590409568571e-02
-3.820478246095234537e-02
-3.852555760674408747e-02
-4.387319342543809925e-02
-2.576942222016283951e-02
4.295664263737983962e-03
-7.391505193087732906e-03
-7.029568403818032760e-03
-1.119851048708274746e-02
-3.793576845042165302e-02
-3.613350424472279443e-02
-2.676753496871809440e-02
-6.647070642515726102e-03
-1.742719096104825699e-02
-2.417704510564402508e-03
2.337608718454767601e-02
4.013040675217466324e-02
3.681209014205262531e-02
4.010320984237004949e-02
4.613055124478061819e-02
2.187346691702713938e-02
1.768515897098288728e-02
1.562189178096633040e-02
2.644600926412791347e-02
2.356283357549351573e-02
1.837777146065015452e-02
1.435274053489229984e-02
1.837890182130540520e-02
1.652496263019828313e-02
8.152906033477867742e-03
1.510759114831256023e-04
2.029747734435890724e-02
-4.813637271322132247e-04
6.924610129430229001e-03
9.170670040737148587e-03
1.444842351212326931e-02
-2.117777675790399709e-03
-4.501611013578540182e-03
1.130645075773693484e-02
1.322533318128603710e-02
1.466594430594780722e-02
1.636284311733730845e-02
2.457605591024613137e-02
7.740817067231730263e-03
1.550883308838661365e-02
1.350867648577707900e-02
9.430496187768130922e-03
1.650230460528725324e-02
-3.313823087917232985e-03
5.947396420192228861e-05
5.479843101404123680e-03
5.840819012419637066e-03
7.678544685950240006e-04
1.678938363986787544e-02
3.626091386972895691e-03
2.977971670930209657e-03
1.521790730712375452e-04
-1.046405356557365482e-03
6.666045565918348424e-03
1.303156164882065746e-02
3.100664882172869674e-02
3.536111168890838929e-02
3.229181614879472056e-02
1.647758554343991405e-02
1.717281267947942669e-02
-6.177641621042242147e-03
-2.197148691940701073e-02
-2.106645440600143221e-02
-2.931971728002849553e-02
-3.347411048376602860e-02
-1.398237704926119304e-02
4.335411074027060475e-04
7.510953179649384678e-05
2.026235355934659713e-03
1.662681049856409854e-02
-6.110364469317485121e-03
-1.002732664646506337e-02
-1.453943337156763001e-02
2.123422048211211569e-02
1.915860512411579619e-02
2.925505056470118631e-02
2.933577872663790595e-02
3.593944192125977238e-02
1.824774541074481587e-02
9.346028817133224947e-03
1.272987854514201489e-02
1.407727979890083247e-02
1.447287389912287579e-02
5.642331131172656500e-03
7.972993268437335995e-03
2.825743983970113640e-03
5.322536294054607160e-03
1.042398845916115736e-02
1.893346310003917940e-02
1.112173561816059628e-02
1.089779078307849536e-02
9.123705917677558258e-03
4.120348578555824148e-03
-7.628667434042306003e-04
6.920073815164393344e-04
1.133079190446685883e-02
9.245840656689794518e-03
1.323188022033342653e-02
1.261602354611363400e-02
1.096034542971571248e-02
-1.668223898865563940e-03
3.363907012176687358e-03
7.336484736719004265e-03
7.749487866896873078e-03
1.695338398328025478e-02
1.970612343028339125e-02
5.820751378490609390e-03
-4.442300824194108516e-03
-3.194519794743077602e-04
-1.857547092180352952e-03
-2.969583584745080513e-03
1.140960635712050947e-02
1.494719582175422883e-02
-5.477247206689059289e-03
-3.663212508403351428e-03
1.262915155581249664e-02
5.690897147969564869e-03
5.800538377296429390e-03
2.669445486423183481e-02
2.528188727730333943e-02
1.290211581530866305e-02
1.283869299687088496e-02
1.123647291424280555e-02
1.384862335337670725e-02
1.000992565149288506e-02
2.593750584074218813e-03
1.162134236072573032e-02
1.394310103360762304e-02
1.037371225374565144e-02
-1.275057731077770817e-02
-1.564113762970736551e-02
-2.287394828980107361e-02
-1.544967100485685092e-02
-1.182686377564830076e-02
-6.949520646252409922e-03
7.950922537763973133e-04
1.886239879425788066e-02
9.617608395644386757e-04
-1.296013436793840012e-02
1.178788895329640520e-02
8.811359670805415933e-03
-2.731235538476381799e-02
-1.285140107082547757e-02
-1.054288277132944471e-02
-3.068958869635116105e-02
-4.901443925275260349e-02
-1.665389254454769513e-02
-1.940851748657150197e-02
1.533847400384548074e-03
9.240506454191924415e-03
3.183773066206710411e-02
2.782585786566822011e-02
2.668106928531134917e-02
9.054782855737674233e-03
1.964690780407746945e-02
2.339962817180973181e-02
1.227105763135910750e-02
1.406561957362623995e-02
1.716238825386938796e-02
9.947077189037501280e-03
5.465911320955346014e-03
5.775925726705298698e-03
-3.187270218724969420e-03
-6.329708690978894624e-03
-1.395673267917321714e-02
-1.594781194701613836e-02
-1.434297615692915404e-02
-6.412764330386944850e-03
-1.469447376756274556e-02
-1.172568103743694759e-03
1.206164953829352848e-02
1.724088494708753833e-02
1.172921657142371454e-02
3.174772209019467717e-02
3.226330967192903021e-02
2.238799301101625228e-02
1.942310425338133334e-02
1.926279469443168899e-02
6.938260533186032565e-03
-6.171051519475151577e-03
-1.883138717160422887e-02
-1.731676391774828599e-02
-1.102864470677142328e-02
3.979976739445969386e-04
-3.896777761108665382e-03
1.009793309175335656e-02
-1.814756949548636603e-03
-1.257234568957578055e-02
-2.098259022256917378e-02
-1.043628550980417111e-03
-3.751549633980419234e-03
-3.369477201169172528e-03
-9.143023404062106813e-03
-9.602117526063535038e-03
-1.518927635309709825e-02
-1.341952617456535976e-02
-1.628936243185415481e-03
2.090534345417114151e-02
-1.315159601137792095e-03
-5.718858871854886304e-03
-1.944567430474562070e-02
-3.433680563723384704e-02
-4.583068553626943459e-02
-2.697812425723672067e-02
-1.840212881419753255e-02
-2.269911903085236604e-02
-1.121207045762882826e-02
2.277708070146168204e-03
-1.111219701550414211e-02
-1.670980836881306303e-02
4.090648048330706305e-04
5.121221335490577613e-03
5.922486911846867354e-03
1.701859657469714793e-02
1.243380574082045796e-02
-2.401661727837777274e-03
1.360185837734326220e-03
8.872995122675021024e-04
1.562539289158840217e-02
2.852575734494508519e-02
5.462770362788596512e-02
4.414809442707692821e-02
3.228785951068542659e-02
3.443880886786480910e-02
1.738497916576594443e-02
-1.517805687689042365e-02
-1.828435416164943608e-02
-1.618438487213260182e-02
-3.332275013355992521e-02
-2.079823648634071195e-02
-1.070518708913518330e-02
9.915332387545593498e-03
6.143246871023667899e-03
2.633729202662367722e-02
2.170567599945335754e-02
2.420979831557781500e-02
3.919228606405715867e-03
-1.592743779348594624e-02
-3.262190773525677767e-02
-4.000077453554268248e-02
-3.848264017852948138e-02
-6.025812930682487856e-02
-3.473725854681589814e-02
-8.049970643505191537e-02
-7.460336213715122733e-02
-1.394208706635456096e-01
-6.721452040953364293e-02
-1.173744633897255418e-01
-2.312221398221239038e-02
-1.729925592566397552e-02
7.320984144299479135e-02
1.710612520198659392e-02
6.320986036927363216e-02
-2.765933292686135678e-02
-4.802996412234525336e-02
-6.932268422515462658e-02
-2.582616066106044328e-02
-1.373844743232630755e-02
1.619221676207565144e-02
4.632339116519926248e-02
7.395288830413930536e-02
4.258691494143453105e-02
3.446217228495827845e-02
3.820764623061602416e-02
-2.407789336052384294e-03
-3.775937080582641298e-02
-1.185982087044846339e-02
-2.743861996982147750e-02
-4.256472168847989790e-02
-1.001613621470419900e-02
6.526666423259807823e-03
-8.327398017657007545e-03
1.938253908775059570e-02
5.214157716064821146e-02
3.534906029054492305e-02
2.460794765746648211e-02
-1.861280794791133480e-02
-6.805631142524626309e-02
-6.768319815771196846e-02
-3.476422817266216353e-02
-2.247017636264335774e-02
-1.354737712819140821e-02
2.693656606639702883e-02
-4.418297241938384107e-03
-5.634992144269277553e-02
-4.474228066883276234e-02
-6.126165870626511245e-03
3.930516160495316907e-03
2.102497945173833344e-02
8.344422627481162813e-02
6.174877578090962743e-02
5.378790377303691028e-02
3.267163291142028553e-02
5.809939290152109359e-02
4.983811382783146643e-03
2.465300512584170378e-02
2.176139401177036581e-03
9.698081617397567855e-03
1.110120030735400193e-02
4.345194458717537012e-02
2.990549007482079524e-03
2.620179833859591703e-02
5.537454968564585467e-02
3.712963572175263099e-02
-7.097875715967663646e-04
-8.801500993809323325e-03
-3.306568233499344173e-03
-1.841555220070327167e-02
-2.510452526643418975e-02
6.220099557710012488e-03
4.622746950102980812e-02
-7.134240902355488967e-03
-1.715464700380416041e-02
8.438395537898962795e-03
-7.433649360822403712e-03
-1.429536140524713395e-02
6.334187351785976888e-03
-1.919568573540219453e-02
-3.888366523038818551e-02
-4.811219964778218339e-02
-5.706723678208840828e-02
-6.265440889872968266e-02
-4.840085621127377530e-02
-1.918502068219142195e-02
1.850757392154340434e-03
4.840363458538776698e-02
6.883613546613137624e-02
7.128423939305461587e-02
5.269762365371049445e-02
5.159155459083979156e-02
1.120443703726968152e-02
-8.253592335807521246e-03
8.729835944605145864e-03
-1.653101425943964697e-02
-2.636010518627115301e-02
-3.978967746606626443e-02
-1.518332565705471718e-02
-2.871474946223964708e-02
-2.549056101601838986e-02
1.262268793523088628e-02
2.598354759722281901e-02
3.097727190897095473e-02
3.676076359017602102e-02
4.864206686777294841e-02
6.696264680326488236e-03
1.539882897875276963e-02
2.866681068858307341e-03
9.227683955930685716e-03
9.336485481328793065e-03
2.483238440732504423e-02
1.164202694150529363e-02
1.820164204417855716e-02
1.169268198706106127e-02
1.181432498725593951e-02
1.120881505633126302e-02
8.788795611000994878e-03
1.007640901656648748e-02
1.227657453372836723e-02
1.689352690634021020e-02
1.522887996105664991e-02
2.066031633096689774e-02
1.608731473756917427e-02
1.368232032454292160e-02
2.985310319309850829e-03
7.219269807332783472e-04
-2.274614027652945361e-03
-1.705321330507284829e-03
-1.486778573437347317e-03
5.378277545218831772e-03
2.147215103861742358e-02
2.357349611143167573e-02
2.605188476497976441e-02
1.934952822403884082e-02
1.972800551925038212e-02
-1.681843072473447956e-03
5.519144267555052032e-03
2.557841738158972249e-03
-4.997786731382752694e-03
4.494553976015488138e-03
1.375085250257196412e-02
7.693492933770317704e-03
5.287760525550714782e-03
1.494841124237364545e-02
5.653886584605171892e-03
4.661353253544081587e-03
7.292402988163120686e-03
5.889857643355267576e-03
7.766111007281967585e-03
2.844234803915419215e-03
-2.386608250784927245e-03
-2.122682787064384541e-02
-9.601663390696337994e-03
-5.970770760507037797e-03
9.049372880826044019e-04
4.942585577691866773e-03
3.840122479567023572e-02
3.032732498407996954e-02
2.650674151091795064e-02
2.400084096688689245e-02
2.780636469416992648e-02
6.832202869345334328e-03
6.156231054167247800e-03
-7.025868874290817044e-03
-5.040605343435124175e-03
4.783723106582007251e-03
4.968002086726052563e-03
1.887193307211266526e-03
7.510603590721722650e-03
8.098181204786926435e-03
1.784507361681043035e-03
6.086452957861166260e-04
-4.692522873462905489e-03
-3.712539082496917227e-03
-1.882759070366089166e-02
-4.353324210182910048e-02
-3.211534048156410026e-02
-8.175098393050311482e-03
-2.009932536568503209e-02
-9.179614606315873379e-03
2.341738982882457520e-02
1.193256626695479716e-02
-7.704824446223283024e-03
6.017225300170165811e-03
-1.922160562543812762e-03
-1.361712007886955143e-02
3.998756581617869330e-03
1.660878419232799871e-02
1.785161550001376080e-02
2.240366632753158088e-02
2.437308240558680450e-02
8.320933930186647301e-03
-6.025369306827992738e-03
-2.471577895744113060e-02
-2.047419709917387004e-02
-3.040448595382731420e-02
-3.462950790895050202e-02
-2.442690939905840450e-02
-1.154100501175010611e-02
-2.306659769698624074e-02
-2.454115283851940332e-02
-2.222986923568538026e-02
-3.990991404767509076e-02
-4.393202454014821789e-02
-1.684826704197041683e-02
-1.059963997032607394e-02
-4.493825526829382105e-03
1.205105203736316598e-02
1.729827316135731236e-02
1.240764404434647333e-02
-2.517204055592678347e-03
-6.488735630184701980e-03
-3.281911120313431296e-02
-3.054158230538580113e-02
-3.584912298985524354e-02
1.377282362990298048e-03
3.550073262866177120e-03
3.658278947721731178e-02
2.377281746682845254e-02
2.964569277370922643e-02
-1.901133454432039904e-04
1.067294946459394593e-02
1.287627431675113232e-02
2.702040209108756003e-02
2.520484660746050154e-02
3.056509616579295222e-02
-2.704704667452682149e-03
-5.840461085095123572e-03
-2.336766743463348367e-02
-2.837413369122601670e-02
-1.774157175883686599e-02
2.659608078772237368e-03
2.012541257918813373e-02
3.866520712849797620e-02
4.011661053590201420e-02
2.647378754996338249e-02
1.910839724014815749e-02
-7.146572665290217355e-03
-1.776198661358774356e-02
-2.398968187100257790e-02
-2.429121465714045858e-02
1.548963246014799233e-03
8.721435249123784574e-04
1.641362112441482890e-02
2.308682014349040801e-02
3.079980974446087233e-02
4.324429962718565751e-03
-2.307553149368129358e-03
-1.877195915170400825e-02
-2.574414520390697070e-02
-1.205189758746723350e-02
1.696153743715207371e-02
2.542703999624870356e-02
3.018291742245260423e-02
2.759263524282512883e-02
3.655008753737968262e-03
3.615482448590178616e-03
6.425519617258476299e-03
1.584545512607160589e-02
1.937028183527022412e-02
2.731584545457928573e-02
1.064060793638159363e-02
7.061362134129960458e-03
1.839444779517080200e-03
2.357802601512954885e-03
9.019622993845401518e-03
8.703956066217309953e-03
9.935466090758441129e-03
6.559953888333781846e-03
5.647339882341510103e-03
-9.533080102886519816e-03
-4.969475499100957719e-03
-5.437434865970579637e-03
-2.742277094322228843e-03
-2.124661753479546895e-03
-1.856091885430363395e-03
-3.229610461047464041e-03
-3.907115363213097686e-03
-4.166837973705619230e-03
1.521870567400179265e-02
2.709693039261820355e-02
1.586965497032019959e-02
2.016634639446115290e-02
2.332508365034689085e-02
1.927371919218428403e-02
1.918305949604938443e-02
2.222028229043669992e-02
1.780963505686649836e-02
1.690398119864381862e-02
1.849290519781994317e-04
-3.841528096546979482e-03
-2.947095305661407046e-03
-1.222388959211179356e-02
-1.916199454822700710e-02
-9.018386847170965087e-03
-1.343087322822074728e-02
-8.547725490846131910e-03
2.881570654987395449e-03
1.225268115976199668e-02
9.798775183224656821e-03
1.396494233591636519e-02
7.854220820492792063e-03
-2.957868041914989490e-03
-1.278298090142977392e-02
-1.973643219614255873e-02
-2.238533606808397816e-02
-1.087714146798813945e-02
9.280596484324341380e-03
1.959645817676028759e-02
1.695436786288075440e-02
3.214768218861307342e-03
-4.391216855254767917e-03
-2.915800764316329313e-02
-3.635676625270593126e-02
-3.091898142741626374e-02
-1.493808439602468084e-02
-1.522170252329500990e-02
1.019474504842897422e-02
3.861179289124293257e-03
3.031585685787177315e-03
1.158334237715869311e-02
-1.256300935332658672e-02
-3.571015526782166105e-02
-2.458918574510755503e-02
-2.662017771361658430e-02
-3.843607031108901839e-02
-2.839445657621188224e-02
-1.770933921971950403e-02
-1.457831576436539184e-02
4.958581598633601123e-03
9.615131509206622032e-03
2.588149561450583946e-02
4.041851364049087875e-02
3.355859463598882819e-02
8.650924211213512766e-03
1.581308853551108631e-02
1.775614844142128432e-02
4.976440706521096345e-03
2.251565809587379417e-03
5.780583703760920795e-03
-4.611394017773648001e-04
-1.420557109949801677e-03
1.333610555332570557e-03
6.428632971568528851e-03
1.466744007791571588e-02
1.353197175728544470e-02
3.889345921567718620e-03
-3.171291757274301987e-03
8.290893030560830476e-03
1.318454738204341212e-02
5.118262485265485939e-03
1.693285715584245954e-02
1.165388838518920632e-02
-2.590078623888224501e-03
-1.881022108058950232e-02
-1.241126043403468701e-02
-2.899581080256479967e-02
-2.772839082534228616e-03
2.475655584742946988e-02
2.746771721383061554e-02
3.354020210907809191e-02
4.152364452491689312e-02
2.147597807429799804e-02
-9.577925257176701963e-04
8.698703007017753036e-03
3.797887913059165826e-03
5.994786267262067724e-03
1.037045874329948353e-02
7.915085894574113226e-03
5.973446326717846665e-03
9.418453819846466998e-03
1.476789035247776799e-02
1.514619898146657949e-02
1.495584113305462037e-02
1.475948925356822261e-02
9.510662600625000712e-03
1.018533475411853920e-02
4.771748158073707904e-03
2.198541538137391022e-03
6.770346100278887627e-03
-2.984152334580488647e-03
2.285476106274095254e-03
6.741740637159739438e-03
7.501301539694987634e-03
3.140782900728454879e-03
1.414031436274167802e-02
5.371683278286241633e-03
5.414751193942968222e-03
7.912215514853340737e-03
1.224593133796573812e-03
9.140588822796096719e-03
-4.935123744813952294e-03
-1.185021698526993877e-02
-3.806436863549124416e-03
-2.124008465230989642e-02
-2.245890223110375353e-02
2.668508317921662945e-03
8.127060322129750145e-03
1.714006384882049965e-03
2.479340851800607148e-02
2.822308352793866104e-02
1.666130946433377197e-02
1.934060654299743498e-02
2.149057580642568452e-02
2.013426812394973967e-02
8.207570854647775263e-03
8.436834956403852642e-03
1.220934349816942335e-02
6.118441035225696129e-03
-2.650948165672037046e-03
-2.670272495746277806e-03
2.691702162900907851e-03
-1.121257375207616869e-02
-2.444156198787521446e-03
-2.642151647107553875e-04
9.916217756800464050e-03
2.652530888417924462e-03
1.501791804061412480e-02
3.385657371958207540e-03
1.189022057175892141e-02
-6.466875841717225834e-03
-1.838073776415529055e-03
-1.019068234151429206e-02
5.758932891126826437e-04
-1.044974803163280404e-03
2.167260174522676539e-02
2.117827891206623334e-02
2.264162576242462199e-02
-6.875457553210659323e-03
3.792317468276358572e-03
-2.275443954725708123e-02
-3.302395169637795808e-02
-2.137416432677398045e-02
6.510758439017742469e-03
2.670230416506024981e-03
1.710788427256342004e-02
2.785805480709910645e-02
1.720525395452662115e-02
1.971477110850665057e-02
1.183127572153584023e-02
2.473462901898594926e-03
7.810852147227919165e-03
2.013422789691602169e-02
1.487987365599253986e-02
1.761469539724844560e-02
3.109670691350943650e-02
1.803878507441541643e-02
1.187156489782992264e-02
1.000849221821551588e-02
1.488292002752793913e-02
1.585348465104224197e-02
1.452507069440480206e-02
2.046013890938253726e-02
1.970938205580577418e-02
1.133921976965783160e-02
-2.069957986331608275e-03
2.425889447305300956e-05
-1.077467059107842066e-02
-3.745840077211056406e-03
-1.253968100337926606e-02
-5.679816232872863212e-04
-1.205044344053828563e-02
-5.580486081807705528e-03
-1.742749619657336935e-02
-2.423011449732972999e-02
-1.943928546741251207e-02
7.721205981390262540e-03
1.455892518011539776e-03
-3.223323661204001434e-03
2.247453974667244433e-03
8.469068927795919688e-03
-1.018324666160774078e-02
-2.297497495256030538e-03
1.566873011834834378e-02
1.012520569791732633e-02
-2.987928779174028188e-02
-2.131066767575675452e-02
-4.106891219809835625e-02
-3.937741906757927235e-02
-1.588432807290725279e-02
1.562478761968764084e-02
8.659779585694176579e-03
2.626834815471090767e-02
1.627083490535764440e-02
7.549753133743060222e-03
1.151910753667242243e-02
2.105570173097635542e-02
2.287016405644955175e-02
2.359679671112846142e-02
3.623630158190682682e-02
2.916798609930970620e-02
2.530411603702982862e-02
1.438479868445982982e-02
1.697342936822995862e-02
8.530558314882870363e-03
7.057583673899681803e-03
7.714611064770345028e-03
9.576612614140918647e-03
2.987903236024355095e-03
5.207715092064501769e-04
-2.600326325299782580e-04
-6.034029350324513971e-03
-3.806628396653998977e-03
-1.245441829339977624e-04
9.784834062293761361e-03
1.059599671233156168e-02
1.285810001013563790e-02
6.744880094247522953e-03
3.068172948304180060e-03
-5.516494208065863408e-03
-1.073195633743976099e-02
-1.040461132040101412e-02
-1.892928482578637526e-03
-3.269866048494982948e-03
-2.153235207050338551e-02
-2.126607165255457732e-02
-2.603026374918350483e-02
-2.498856065808071486e-02
-2.559486689756947445e-02
-2.627860206193641246e-03
4.621449327497605987e-03
6.491388054592867399e-03
-1.332406427296162904e-02
-4.783817496645793171e-03
-1.140478259096410277e-02
-1.852339169381246251e-02
-1.031997723679430393e-02
1.376574992094935571e-02
1.223100415144771913e-02
1.032395716213429550e-02
2.344660649373959266e-02
2.660997175158240705e-02
2.157341843684058499e-02
1.697814506957147015e-02
1.963471706289266622e-02
1.536844321974334925e-02
1.225837233149320964e-02
2.131485927609051700e-02
2.285634695541073277e-02
1.290229133945980725e-02
2.494524101687947693e-03
-4.314866992596196743e-03
-1.916221370538970237e-02
-1.383819370891019307e-02
-1.067726140950622446e-02
-1.199398244874611691e-02
-1.426736267607458392e-03
6.495970164293918313e-04
-1.184974133212154425e-02
-7.391529643941546768e-04
-3.234420520022802600e-03
-2.360989513451306268e-02
-2.236926153356640426e-02
8.246333849823081485e-03
7.484462762866451319e-03
2.009365144497460981e-02
2.541361176229933391e-02
3.857267433882583668e-02
2.369836586972642531e-02
2.395917571602191112e-02
1.998446678033800536e-02
3.279437263372399214e-02
1.432581508655494246e-02
1.085733921717343259e-02
8.715148146325388256e-03
9.952232455957703977e-03
9.799777430424639474e-03
9.647680975892084648e-03
2.548071863598155070e-03
1.062071883033091461e-03
3.297454741894291670e-03
-5.080737320540160487e-03
4.063581086316717800e-03
-5.360084345339704084e-03
5.078910034714825480e-03
2.237380721589566062e-03
2.673706124309894495e-03
6.479990132521682572e-03
2.457602295256711492e-02
1.545096043418404952e-02
1.102323794570644541e-02
1.135138811372573935e-02
-3.536006029349336721e-04
2.916507997370309212e-03
3.652552223518405923e-03
6.093463859783349035e-03
8.288312372887844670e-03
1.441254704650989787e-02
5.530843168637565414e-03
-2.141070866108036978e-03
-4.074886070761897863e-03
-5.529022776052530154e-03
-1.236003726659336971e-02
-3.988439326010617680e-04
4.139330850066348134e-03
4.152561946302913559e-03
-5.924492258517276982e-03
-5.353164824593523337e-03
-1.662977498797527792e-02
-1.214507410653003876e-02
-1.206615514724440272e-02
1.582614853653676809e-02
1.902373948729937925e-02
2.393231021449596790e-02
2.293618697130581086e-02
2.895349721198325552e-02
1.717689582394114900e-02
1.742035224172740898e-02
1.243392683902201992e-02
1.108175430192750825e-02
-7.311630190077120228e-04
-5.798488160300398903e-03
-7.976774403452364243e-03
-1.734159066046643723e-03
-5.898246918609274803e-03
3.351414641534088048e-03
5.988465652149999041e-03
-4.152573552884572874e-03
5.439571916584680367e-04
5.909077829791773914e-03
4.212800799851784683e-03
-1.994010010618601537e-03
1.343186869099307484e-02
3.246692620827158152e-03
-1.083552127842599480e-02
-3.058391421934102128e-02
-3.156935575266528460e-02
-2.821739237305088271e-02
-3.905379633131500494e-02
-1.892042719452587118e-02
-4.310295981435404745e-03
-2.251867883258263509e-02
-2.102851077193327797e-02
-1.279708927209390751e-02
-1.163807919093639946e-02
8.062404527610898125e-03
3.272701403535151210e-02
3.611634629652504813e-02
3.787733005746075216e-02
3.130748758286171218e-02
2.289098346411309881e-02
2.248078205341783042e-02
4.933544335966865216e-03
1.121618481062176820e-02
3.502406158664018998e-03
4.872172325447162410e-03
2.365778256113745467e-03
8.933339771434373189e-03
7.855879352916905409e-03
1.255527030743606304e-02
-1.018051445350174992e-03
1.548286190756626227e-02
1.540780941577707917e-02
1.218886150421762474e-02
9.947981799995241764e-03
1.689049435923053316e-02
-3.356925292127096137e-03
-2.998448219252536177e-03
-1.648547341199324903e-02
-1.984918440655411911e-02
-9.818113070295663228e-03
2.470666150393368600e-03
-3.984983269551140191e-03
1.380744251385422963e-02
1.369622881469063913e-02
-7.480698397115473353e-04
-3.547481236362503253e-03
-4.421893094504043137e-03
-1.234611852600284512e-02
-4.779649165984434060e-03
7.989803178175467618e-03
1.061022037356667766e-02
2.048442116028118334e-02
2.125922729124758714e-02
4.013195122523934358e-03
-1.468798859442252934e-02
-1.795913865845869678e-02
-9.949363148331582390e-03
-2.992824567270817304e-02
-2.684376248729156839e-02
-7.851742004401180905e-03
-4.860700466875048087e-03
-5.285871860074467521e-03
1.718301958440670435e-02
3.048309497987664735e-02
2.638317582526386595e-02
1.743282944503839541e-02
8.714449771603122522e-03
-7.778186789924581776e-04
-1.315023172062660360e-03
-6.493516635569648518e-04
4.553965001666365926e-03
2.695204982003191960e-03
9.475194695633924746e-03
8.113851115471365158e-03
-5.664640851153202039e-03
-3.051435782821187125e-03
-4.282733271275293400e-03
-1.415055046525546352e-03
6.341733543450178527e-03
1.579243379372425801e-02
5.479589357673884421e-03
-2.551745593474502409e-03
-3.301059693527380774e-04
-6.118947951964054041e-03
-1.306022134879039447e-02
-2.647912360263827980e-04
1.150055714262229398e-02
1.199998724150644347e-02
1.413252326333112180e-02
1.953743512181601097e-02
1.680685323143020840e-02
1.628938947981769386e-02
1.277755792599164289e-02
6.428319244927903527e-03
9.432888601349258967e-03
1.058421206365111819e-02
1.335931516856872503e-02
1.357008466099684542e-02
1.370335924865217180e-02
8.270171490623302174e-03
-5.348049717949971728e-03
-6.835474066898191217e-03
-6.937449592598201459e-03
-4.521223265829514212e-03
6.711331046565833722e-03
1.510213343064116184e-02
1.370103772724646021e-02
1.273220954356072722e-02
4.105890600054097617e-03
1.302204862041883571e-03
-1.154037860762266486e-03
-9.735561183545902216e-04
-1.213409262457016986e-03
1.189827013298297952e-02
7.671308785388979493e-03
1.431543844070048803e-02
8.475154148293122941e-03
1.773717963613789632e-03
-2.483383799495222227e-04
-5.046562779546437047e-03
-9.041271009171597539e-03
-2.781712278510416539e-04
4.861626385884021753e-03
4.420394842073368732e-03
-3.344582760930912488e-03
5.398184140693035662e-03
-1.756623010208541169e-03
5.180952725037208176e-03
2.741568492601537468e-03
1.513421123263021181e-02
6.065628684993971259e-05
2.671716104307424438e-03
-6.869963476706712063e-03
-8.561953334309395022e-03
-2.925192230209018238e-02
-2.725419248727942514e-02
-2.037899143118564876e-02
-2.557360221480829005e-02
-2.561887470785836896e-02
-1.098905799936127428e-02
3.339580789909086037e-03
-1.068108633895674571e-03
7.026588189285036708e-03
1.369571686543571629e-02
2.360423058586643905e-02
1.207743322032314368e-02
1.781729141414139725e-02
2.444346396749513470e-02
2.023344514752795087e-02
1.884259415410087513e-02
1.690939404284952027e-02
1.319026468679326998e-02
9.252603402839053651e-03
6.827841163579984919e-03
2.190963338363197902e-03
7.500452586205718850e-03
2.179884504899175408e-03
3.499108568540514053e-04
-1.235674391142673779e-03
5.478903858761976706e-03
-9.138563245737760590e-04
-6.936163639556517518e-03
-2.517275286387169429e-03
-1.001593169517955937e-04
-1.110381251391682339e-02
-8.736370407710346633e-03
5.286658449531516681e-03
2.942019928252148035e-03
6.939760290868767986e-03
1.244278227247191254e-02
5.107583490362785708e-03
-8.142173913819890363e-03
-1.635002234253889707e-03
-2.281517262676422894e-02
-1.379852799235928990e-02
-8.302976319056611099e-03
-5.299542783742378256e-03
-2.643862565503424591e-02
-1.013256906161350522e-02
-7.568194661712540974e-03
-6.584529806194902926e-03
-1.903633188101151730e-02
1.161172172968511114e-02
-9.271270052880076912e-03
-3.189198560299352780e-02
-4.693063280411785554e-02
-3.011139450412245178e-02
-5.555564272825899014e-02
-3.453282707350226882e-02
-1.021393367014517863e-02
1.549221565365864473e-02
3.329996680054278513e-02
3.410716686500794848e-02
4.619050538616563395e-02
4.041738218473568678e-02
2.981356918461649727e-02
2.229656292377597826e-02
2.823634759474564354e-02
2.221883912101937225e-02
2.685326317845174865e-02
2.823703114089015295e-02
1.353481332131472453e-02
2.060544037276173385e-02
1.816304676921681044e-02
6.849457662849049722e-03
1.008371359880737804e-02
1.361401848175984759e-02
7.228344842037377586e-03
3.989645626109348392e-03
3.880361847875346461e-03
1.500123605975170775e-03
5.924521329376123899e-03
5.123597032675287523e-03
