3.488308914033201851e-03
1.542378624101601453e-02
-3.259584844182795982e-03
9.677196353688109071e-03
-1.986184992680018260e-03
-1.394644484764373353e-02
-1.924469092566402986e-02
5.337316887387795125e-03
6.196641750360887269e-03
-1.433036676787958347e-02
-1.666781235660922192e-02
-3.041973117723046141e-02
-7.720689733677192634e-02
-6.890388277481115931e-02
-2.890723960335616488e-02
-1.246922952652932369e-02
-2.455418585410979251e-03
2.941995996150507942e-02
-1.231279790359767617e-02
-7.086854388229438251e-02
-7.169452137542299541e-02
-4.013937809878391494e-02
-3.177306122746560713e-02
1.609009128775972311e-03
1.166755448274722079e-02
3.731347189570091705e-02
5.939405482287861415e-02
3.653110535269668557e-02
4.925319023598116047e-02
1.684741264177438275e-02
-1.639144618061629671e-02
-6.901569164569698600e-02
-3.840581075460621635e-02
-3.871365246748875721e-02
2.336407522587707203e-02
2.911571885634564941e-02
-7.455581630120354519e-03
-3.917419152249485004e-02
-5.136761303813151824e-03
-2.165007775963715200e-03
1.464325028490299357e-04
3.166417215969476867e-02
3.479262925186360489e-02
3.482212073915066930e-02
3.790506584041743871e-02
2.798935925253710419e-02
3.416732824565522214e-02
5.044583472017190318e-02
1.352148454650449125e-02
7.524824960714038974e-03
1.217707827092140253e-02
1.555617518790957179e-02
-3.134046324739179698e-03
-2.364450298264331521e-02
-3.888668665583960848e-02
-3.425019184157484381e-02
-4.622896891012381881e-02
-1.658428915972724044e-02
-2.812226097157784557e-02
-7.671074067847210437e-03
-1.190131077450309535e-02
2.166303436272266209e-02
2.640603051896004902e-03
2.690394033613117963e-02
-1.070246572466990870e-03
-8.092278705156013066e-03
-3.146000767445428226e-02
-2.277506439329311447e-02
-4.168446073646108613e-02
-4.667258651381593626e-02
-3.730524031794322376e-02
-3.145679318898209065e-02
-4.392248287555990116e-02
-2.388800425732315671e-02
1.158275956557287649e-03
1.261664473048974486e-02
-6.471230271459831734e-03
-2.627920665931813421e-02
-2.703339699740074306e-02
-3.298774127662469635e-02
-4.881405457841536677e-02
-4.079295053567640744e-02
-2.092120727471195873e-02
-1.167242231447982934e-02
8.971281700755506794e-03
1.968173188176398566e-02
1.552564365673659783e-02
3.166697343374435397e-02
1.210359186683923963e-02
-2.203867324016898013e-02
-5.809313946848054799e-03
-1.132981747296579397e-02
-1.251440693881311975e-02
-1.570940763384535976e-02
-5.740480222268155332e-03
-5.247227909411797397e-02
-4.094068441424861954e-02
-4.117180733243876178e-02
-5.066488143809221023e-02
-1.593858382887940184e-02
3.979556277385985254e-03
8.435978891507888572e-03
-1.406875561702986693e-02
-9.417738964822491149e-03
-4.109424776207504931e-02
-1.353491811495294295e-02
-1.187769914871256507e-02
2.894329352598662679e-03
1.743037834748429465e-02
-2.618526077325090268e-03
-1.893569489157885533e-03
5.678594413388811379e-03
4.458203671524491041e-02
3.693337651979350378e-02
5.581149573558220195e-02
3.794384674940458335e-02
1.694190037152439737e-02
-5.339075629668760953e-02
-4.228928392552646492e-02
-6.463409837820682791e-02
-3.313443943583817275e-02
-3.414089107483399277e-02
-2.058898442764405673e-02
-2.498076770429764892e-02
-1.932009165794578223e-02
-5.498076031215770598e-02
-3.101262167498848588e-02
-3.428483901864157884e-02
-2.469896700641621007e-02
1.515055867484446650e-03
-8.097986563546228506e-03
-3.724656446776774404e-02
-1.708326749943621728e-02
-4.139563089018750280e-02
-7.985263905830987385e-02
-3.796200591840090399e-02
-3.531370922843164728e-02
-2.669323798399168834e-02
-1.853250860196218111e-02
-2.077098834522072418e-02
-4.554571673746019012e-02
-9.792525923648881525e-02
-1.024651898184971016e-01
-4.949936843888067678e-02
-7.020920625548253413e-02
-6.140972142659482935e-02
3.371215100222593741e-02
1.774127313308994022e-02
-4.641010729428247245e-02
-9.891484591423999051e-05
-1.272183352777569998e-02
-3.117186118327497368e-02
4.501844200693357403e-03
4.464463320792288331e-02
2.888182705287334340e-02
5.115675910489318745e-02
4.316771964535853767e-02
1.845933076268028647e-02
3.975062109799053223e-02
8.812361707063219585e-02
4.312184034543438405e-02
6.065425102683601188e-02
7.634572132328221183e-02
1.227954217031447526e-02
-8.838464147518572747e-03
1.074045767265027242e-02
2.081430595856669299e-02
4.332603545450884955e-03
3.795828805442617859e-02
2.403516053707538402e-02
4.429135085152288709e-03
-3.263441652425665834e-02
-4.118122085966892387e-02
-5.021168699276651326e-02
-3.885290037795498946e-02
-1.564805983321052724e-02
1.143456386989240292e-02
-7.879379594032648315e-03
8.134168691585673058e-03
-1.631827197036633120e-02
-3.565857778620434154e-02
-5.839366830379909279e-02
-1.946097454687165454e-02
5.554024303357010806e-03
4.154770016332064164e-02
6.214362322323308679e-02
5.291497305633453135e-02
5.537608470189028104e-02
1.953462758740591443e-02
-6.013539731819825263e-03
-4.343696238086194872e-02
-2.620916782572447340e-02
-3.037239464232080119e-02
-6.474687170608900422e-02
-4.638247700146592989e-02
8.341731533592168513e-03
1.871649154345663216e-02
9.253596463130116939e-03
1.913850699515807705e-02
2.031845882312362933e-03
8.153298181855027360e-03
-3.981883827095877848e-02
-2.677389406893482607e-02
-2.370704465655605608e-02
-3.993124457716625691e-03
-3.098850731959795768e-02
1.024858625393375126e-04
-1.690445062005216034e-02
-4.916297256740476997e-03
1.026861363162743720e-02
1.456071648057256397e-02
2.463727538912340725e-02
1.136789589024096020e-02
1.449500959377512596e-02
-2.301911828135251581e-02
-4.034693307038787757e-02
-4.983400929336950086e-02
-3.189054935107212690e-02
-1.275633068362828221e-02
-2.183718042340719329e-03
-1.550641675026699813e-02
-1.351950634903578523e-02
-5.358815705985948800e-03
-1.459900730557978088e-02
-5.794865444402086917e-03
-2.485450496288395955e-03
-1.216721534429492449e-02
-7.597741940298389368e-03
-3.538868282907682572e-02
-5.934612469903767507e-02
-5.646470605228956496e-02
-5.157527122426429356e-02
-4.234622831055576825e-02
-1.081978726772337036e-02
1.471006656139279417e-02
4.231996455456986383e-02
4.483686704459239475e-02
3.222668326161334112e-02
-3.125968889422590935e-03
-1.355605817298356081e-02
2.103775234404713090e-02
3.025788108051270797e-02
1.993420789888189493e-02
3.546241410083023071e-02
7.245310275554342483e-02
2.800610713992931697e-02
4.301522430357919424e-02
1.062078284177479376e-01
1.064356692299218005e-01
7.165694840053025982e-02
9.545843147247552729e-02
9.468694381615379296e-02
4.014999878546304801e-02
2.255561389657728330e-02
4.986371636118393930e-03
-6.850092057847315813e-03
-2.020824238137320511e-02
-3.595277300509457097e-02
1.585409636659710492e-02
9.717648312715019415e-03
-1.107129724796106218e-02
-2.262579469314398781e-02
5.788058740410512854e-04
-2.387346643050511363e-02
-2.862415854238924140e-02
-2.085242334513189022e-02
-3.060525398975860734e-04
6.779550049061437711e-03
4.058583728964228546e-03
2.777851452291745307e-02
2.897132245167657189e-02
-8.064928229897481982e-03
-1.610429140222767452e-02
-2.059256179413917337e-02
-3.341434750817033617e-02
-1.917248835209268282e-02
2.067375775322128489e-02
2.856935716273404854e-02
3.771612260531830713e-02
4.886663275419556723e-02
5.113685835973329208e-02
3.380832629601140948e-02
1.112749594772063227e-02
6.285573824667321438e-03
2.548856087620603866e-03
-1.026816513729417006e-02
-1.171736746774872800e-02
1.167477325915185216e-02
2.346858754905935956e-02
2.390216515060796659e-02
1.692017334483607999e-03
3.541815848459344690e-03
1.055278359562860854e-02
9.018602033685754402e-03
2.705307730889049134e-02
4.481229745395557545e-02
3.843483741351250149e-02
2.703078493555655798e-02
2.033577868271569875e-02
1.082634172637110537e-02
1.005422182099932789e-02
1.136790743213345230e-02
-9.152325749049299367e-03
-1.766954578034000273e-02
-1.790951432965690038e-02
-6.278668711635659525e-03
-2.399606097022813356e-02
-1.608496025078429148e-02
-1.671403985785520005e-02
-2.803103034274603833e-02
-4.565839666581938266e-02
-1.762883339048278500e-02
-2.930152449885495974e-02
-3.786585699448083431e-02
-4.633385486724607427e-02
-6.411284294449930143e-02
-5.470434843890854132e-02
-7.809043654886146935e-02
-4.889877203706503861e-02
-5.324696668575915059e-02
-1.824380959115202636e-02
-3.217845303440718813e-02
-3.909068702710793985e-02
-3.366908952739813832e-02
2.550556055614978945e-02
1.178363915737190223e-02
1.189942055580888239e-02
7.067096514142515162e-02
3.553572826228725001e-02
1.904670312742230004e-02
1.626646570195908539e-02
3.131761435982299835e-02
-5.531176556442515824e-03
-1.392820196910425634e-02
-2.096814458848494933e-02
-3.727666464340986113e-02
-6.695641874564153828e-02
-4.339581309015729665e-02
1.193245590495470992e-03
-3.837170210312142171e-02
-1.810389605410644628e-02
-3.399783827817070073e-03
-3.441401557007007367e-02
-5.565807651331797223e-02
-6.179078535261310623e-02
-5.262578737552773417e-02
-2.096189241962179151e-02
-7.039320200887062146e-03
-1.383153284129967284e-02
1.229296715133813660e-02
3.950093553915419615e-03
-5.155788455845599499e-02
-4.417548404361405778e-03
6.186415861237316502e-04
2.944281434546644136e-02
4.409730706789662114e-03
1.955189311976793590e-02
-2.013030962069110516e-02
-4.082644908868643396e-04
-2.139368159078964410e-02
-1.537439893963764639e-02
-7.034972706889372138e-03
4.356818537937937399e-04
1.881653246240833771e-03
8.071066106956594627e-03
4.766697244023170021e-02
2.935580709743161945e-02
1.278990464572925430e-02
-1.995314676551904892e-02
-2.547000454293020522e-02
-5.577023549834390220e-02
-7.221789039040935054e-02
-7.344847973044367484e-02
-4.225382227303040028e-02
-5.230761499664125097e-02
-2.287877351533317699e-02
9.960979482524535966e-03
3.518492794949072688e-02
2.072368193076506646e-02
1.228684283148009579e-02
-1.449663823192591343e-02
5.818356850737251701e-03
-2.357570475800579643e-02
-4.208804569107982285e-02
-6.685414334332138997e-03
2.310426535912344162e-02
-1.309887116443975499e-02
-1.724569360312305788e-02
-1.274590228998860597e-02
-4.212518228627653433e-02
-5.420994052468020019e-02
-7.698768876110291537e-02
-5.074731144114453391e-02
-5.800702731137807877e-02
-5.719884782115275401e-02
-5.673731046062839567e-02
-1.296619097291219769e-02
-6.961986232016470141e-03
2.669208785046543742e-02
2.651225505412805120e-02
-1.681425103204187838e-02
-1.935929707493458732e-02
-3.933323058268521633e-02
-4.040874942473444281e-02
-2.491123270184204125e-02
2.226687991902866898e-03
4.815995700241071723e-03
3.034600700635358903e-03
-4.660046308831869086e-03
-6.472831214601563153e-03
-4.566374698547518221e-03
-3.612735978056393071e-02
-4.964757621876447757e-02
-5.434978407120950178e-02
-5.921418463532048676e-02
-7.168149808698844050e-02
-2.177308011332554707e-02
-1.360936947257591900e-02
-1.182540130957555197e-02
2.497386971988346457e-03
4.298113327929208721e-02
3.114021012945803260e-02
6.924860596825389847e-02
5.338678741186125842e-02
4.803320296840456194e-02
5.703145427947756141e-02
4.926469410552399009e-02
2.539243856700029028e-02
4.228462759412036226e-02
1.463465553929395660e-02
-2.865288737332437330e-02
-3.897869680991714048e-02
-3.849046674900599707e-02
-4.449363009080934545e-02
-3.147481712413389976e-02
-2.370209594091340216e-02
-3.995961280772955537e-02
-4.365640142081082808e-02
-3.393739732468793735e-02
-4.495342251307198750e-02
-3.757054178294018387e-02
-1.290459922191672382e-02
-6.547507009001526240e-03
9.536690356991990233e-03
3.092274590956665958e-02
1.009065670807897733e-02
1.247575587222355710e-03
-1.358465697358371763e-02
-3.905440207904945643e-02
-4.389547894138799700e-02
-2.143190053762467073e-02
-1.518798307245718474e-02
1.033823453944755083e-02
-2.565605374906528013e-03
1.801969212700229792e-02
-8.244435846829593906e-05
2.089145654163812940e-02
4.752692602568843114e-03
5.900361758882319632e-03
-2.126002685894825411e-02
-3.305199644784028584e-02
-5.544064553959184710e-02
-4.589832654388839583e-02
-1.270362350589716166e-02
-4.760569536075338719e-03
2.592058423423212674e-02
1.992576600909078816e-02
1.289261105182374842e-02
-1.867492979664751342e-03
-7.469983328708719450e-03
-3.274521199433187701e-03
1.244325836336272750e-02
7.661426968064778339e-03
1.645716618669018335e-03
5.942978875267999374e-03
-2.188584011346730515e-02
-2.387393364790726252e-02
-3.899755573058265312e-02
-3.776511461799311048e-02
-3.428141699049389729e-02
-1.783583984454226862e-02
-8.742157377801677495e-03
1.421929476655868670e-02
1.376307778831347556e-02
1.168125204521523741e-03
-2.652579316852342328e-02
-5.422605039767316309e-02
-7.564061929598815681e-02
-6.454372326334416321e-02
-6.167729303500832372e-02
-1.751848102417647920e-02
-2.144366471021525930e-02
1.163703141620976537e-02
1.350520204748308258e-02
4.065520980763763503e-02
2.043287329255606688e-04
3.035723668985463447e-02
2.189442682306529456e-02
-8.067318728263127292e-04
-5.637359656512073297e-02
-3.106962945927583750e-02
-3.435653634632377523e-02
-4.283712781470834507e-02
-2.519841139643128752e-02
3.418637771827588712e-02
1.795417021880919839e-02
-1.517937326139055451e-03
-4.704370261297316502e-03
-3.242826468180887156e-02
-6.224704592008908910e-02
-3.664476097385670206e-02
-2.235375881567948711e-02
-2.002598431504964277e-02
7.395296115700794419e-03
2.760527607002186828e-02
-6.189695308934761719e-03
-1.098857036303179865e-02
4.168026314750440144e-03
-2.247553910350413159e-02
-4.638452622488092869e-02
-1.965410480220951273e-02
-1.446147612127022739e-02
-1.904520812715249783e-02
-8.797093105128685891e-03
1.807919255120526980e-02
2.244145611110268806e-02
1.311323796866557811e-02
1.652654911237620011e-02
1.137126256009311775e-02
-4.286582541281715349e-03
-2.238561327879050322e-02
-1.609657889166013836e-02
-2.784346934383612540e-02
-8.870472967455869662e-03
8.277500388693521949e-03
2.313950792705986303e-02
7.510703365245102042e-03
2.654115588255459568e-02
3.941580307980267761e-02
2.887142666175124966e-02
3.813986313495227459e-02
5.326487346053163791e-02
3.855645424379494646e-02
3.310076028365550871e-02
4.199947602645706657e-02
3.173117419990922200e-02
2.588654911453699276e-02
3.811057278994943454e-02
2.974407568092368379e-02
2.192634760008782199e-02
1.936255467823357751e-03
2.737337634253154614e-02
2.254078465680486171e-02
2.128972661369743155e-02
1.544141766734514684e-02
3.307973320550061658e-02
-1.267158093578992645e-02
-1.783214128854053795e-02
-2.075048837150837711e-02
-1.792107108371465696e-03
-5.930704050757438367e-03
3.948588606938199796e-02
7.128504655940888501e-02
7.566490240004813961e-02
4.758305832417393522e-02
7.547171839158384188e-02
6.470658492738001755e-02
4.072524008652811389e-02
3.379414716444141542e-02
9.135107562164908324e-03
-4.043859836634062718e-03
-1.503558437569660518e-02
-2.585245653563038662e-02
-4.696539919205084540e-02
-1.123204324241863783e-02
-1.009211141410102687e-02
-3.845419869240794021e-03
-4.682886822738110966e-03
3.966745939205724991e-02
3.606341201718245987e-02
1.799700454585263093e-03
-1.120827605709620589e-02
-3.773675104134181085e-03
-4.013664040100359265e-02
-4.702246125734804716e-02
-3.257733865924591909e-02
-3.161918661604245367e-02
-3.000770535282393583e-02
3.696802030464716587e-03
1.923590685390014210e-02
4.496721114755863891e-02
6.759015677136678835e-02
5.586773423921088250e-02
5.586990036300668039e-02
6.175454325071677575e-02
5.382338590096105713e-02
4.431748626891664905e-02
4.147605322329750432e-02
2.399668158904359055e-02
1.545583543083970529e-02
1.643670398814216314e-03
-1.335470625362703695e-02
6.049058978920203097e-03
3.757958147075871752e-02
3.401514358181988162e-02
3.869270983549195908e-02
4.041629365901164284e-02
2.926902784002777258e-02
1.271903948736323453e-03
2.146655368595624253e-02
1.303836501215311847e-02
-9.495544995932164722e-03
5.808035551403883945e-03
1.213898385319579255e-02
-5.994972093711407879e-03
-8.598088419785050729e-03
-2.290898053954966776e-02
-5.704637338313857386e-02
-6.565553930494769097e-02
-7.822959451552592702e-02
-7.062010626810300007e-02
-1.352138893271133228e-02
2.712528167663682058e-02
3.717896524660874863e-02
4.870551525077154720e-02
5.717317289706735223e-02
1.731432510292450072e-02
-5.878353481815420251e-03
7.141116315009958526e-03
-1.815922443136799153e-03
2.166232077237437506e-03
2.936154824534487062e-02
4.153800700227500142e-02
5.917827435656209528e-03
-9.481672883644050309e-04
-6.462737260672635209e-02
-6.572992679556341478e-02
-6.549299722774350185e-02
-4.358769181140133286e-02
-1.390761741546791413e-02
3.427697239935520446e-02
2.143049622172551669e-02
9.076362766691686845e-03
-2.776857185163884162e-02
-3.726166180853453941e-02
-4.496461705207377424e-02
-6.090025838126217339e-02
-5.806105311643041528e-02
-2.054932949199487005e-02
-4.443123654748876855e-02
-7.076993608987874884e-02
-3.084096891655169204e-02
-6.167224759292096181e-02
-4.673038295275044191e-02
-3.139430896640537511e-02
2.508817168714714413e-02
1.571589942406729362e-02
3.847071312107683966e-02
4.221758022620179795e-02
4.418415794296186305e-02
1.773849662310739497e-02
2.589428025016399237e-02
2.665872876163158378e-02
-3.501130492070685107e-02
-2.784480290737169350e-02
-4.110190847227730704e-02
-3.461436408692646072e-02
-1.984182439462939262e-02
4.338694844834876940e-02
1.444624098873740353e-02
1.820559853608147774e-02
2.860416424407887480e-03
1.123300737054553841e-02
-1.133676355699752940e-02
9.205284279890497273e-03
3.179162597611968899e-02
3.862250566213293324e-02
3.753592029943814135e-02
2.798542312705059806e-02
2.334865933341408531e-02
2.573193234437035765e-02
2.946278323830098245e-02
1.406591486476961410e-02
-3.281868407766185686e-03
1.977287768850070210e-02
2.874371259008288992e-02
2.308875576346462039e-02
1.274997052044352097e-02
3.097747174353430652e-02
1.932081828879849902e-02
-5.791344493322631362e-03
-1.589324033684125920e-02
-1.371981132015790035e-02
-2.031826895053116810e-02
-2.612186922395046476e-02
-1.801199718902183125e-02
-2.653016166719025098e-02
-3.805389276793093994e-02
-2.964256074901031393e-02
-3.038102001745746419e-02
-3.533245344717018954e-02
-2.632753717872498081e-02
1.501445377966427810e-03
-1.007909352477274340e-03
1.368861721988975585e-02
1.700297575032344924e-02
2.777147429337296566e-02
1.532101427527454533e-02
2.990651716320969974e-02
-5.340776932613946343e-03
-1.694740874292535423e-03
5.701714945355563016e-03
2.952337237287255833e-02
3.633269560410831017e-02
6.522275088108017704e-02
6.300756707670394918e-02
5.280948677770191946e-02
4.388546983629047077e-02
2.035201827172548189e-02
1.489794540059088609e-02
7.138036970132575348e-03
-9.229616085020540470e-03
-3.300205916389357258e-02
-1.621015295288268793e-02
-2.544668792307077168e-02
3.165807867027171929e-04
1.643841956050579728e-02
2.265335996662188808e-02
5.384025081194183937e-05
3.445294913021422142e-03
-6.303905459049751608e-03
4.052101741963192935e-03
3.037347574735669437e-02
3.470720426181112678e-02
3.592063943834041678e-02
3.036573401779224524e-02
1.313946681068199097e-02
3.841152116876257391e-03
2.028067433637667505e-02
3.247787573503722186e-02
2.563699233026587795e-02
3.442211932342546798e-02
6.878784626738274760e-03
7.031386888960546380e-03
3.975638938567381021e-03
6.514677855711773977e-03
-2.445939309103791620e-02
-6.150426781161982825e-03
-2.339681516683727799e-02
-1.458165064244183740e-02
-1.280084145284084152e-02
1.511344498685828451e-02
2.473275945045533969e-02
3.340982951111812205e-02
7.719301421886419490e-03
5.009928370967435020e-03
-9.501294803471949102e-03
-7.082054471789374361e-02
-7.231768708097312259e-02
-4.014638264753102315e-02
-6.666386212759789487e-02
-5.288189387629872729e-02
-3.550207605523907073e-02
-1.814162058638722763e-02
-1.680227158590009984e-02
3.406670129120862103e-03
2.013036280325462141e-02
5.523673815313814850e-02
2.323991431700355575e-02
1.666865225212181556e-02
2.760201233528478820e-02
2.138796756021489609e-02
1.206303551261024912e-02
2.999638514051597080e-02
8.060083677004708375e-03
-1.252483072148729767e-02
-1.618036735486418076e-02
1.795313709364754901e-02
1.973621064158410585e-02
1.828004883567484889e-02
4.858004675695661023e-02
3.520759086616961214e-02
4.512582386323825585e-03
-1.171830613491970340e-02
1.662813143347709882e-02
2.754560312049998336e-03
-1.263632543442396415e-02
9.397336112909623548e-03
1.685525480402813234e-02
-5.267381110784637339e-03
1.166934308341580073e-02
3.439697100142345004e-02
2.417906564582165269e-02
2.385055430140202090e-02
2.374832755451707425e-02
1.284775254281514921e-02
-5.013237493964688846e-03
-2.923054327559024279e-02
-3.304540757306260318e-02
-4.079168722789743018e-02
-4.943493883314576537e-02
-2.574864193861199288e-02
3.508940603777566461e-03
1.155369145795317500e-02
-2.480923604998911541e-03
7.646666497878897711e-03
1.090987229412487998e-03
2.757203797515643540e-03
-1.261556540649534652e-02
6.327971365933989650e-04
-6.464729649714829468e-03
-2.035341614770546509e-02
-2.027526809859443030e-02
-1.501689653218205717e-02
1.229967237435419282e-02
5.601928489352247034e-03
9.834981925824680393e-03
-1.749816654319147347e-02
-5.045630485510400713e-03
-3.168301668715555602e-02
-2.833689063446858530e-02
-1.692984140365690754e-02
3.575829767612779750e-03
-2.971562277771023705e-03
-1.982323464747634545e-02
-2.045685442594281922e-02
-2.099570868123481343e-02
-2.522162007215228083e-02
-1.135725386246664095e-02
1.219061402946565453e-02
2.523695682016070807e-02
2.389287534028282020e-02
3.248598573123334665e-02
2.049735773640725192e-02
2.900371798185443981e-02
2.019084163696265380e-02
8.742470680397887786e-03
-2.399135199617060885e-04
2.102131436309811769e-03
-1.683189571149546621e-02
5.335971419971474380e-03
1.940572989511610974e-02
1.355346648127603304e-02
1.631446117904123902e-03
5.495445097959629835e-03
7.769967687595961958e-04
-2.974483646256986281e-04
-1.075075736109759247e-02
-2.832736604677383446e-03
-6.679091424013298278e-05
-2.084009088790932107e-02
-2.790197247272454065e-02
-1.973611724972056114e-02
-2.074077486775094056e-02
-1.215440706448557215e-02
8.227505987984343183e-03
3.797470750297422815e-02
4.220668239210739053e-02
5.407183398261148494e-02
4.789586128510944785e-02
3.261426489317967303e-02
5.642370804953024226e-03
-9.100668315343715675e-03
-2.290087270914206719e-02
-2.177201407859846033e-02
-1.230098134017764723e-02
-2.842913912324172843e-02
-2.245924264765571110e-02
-1.152209186268786378e-02
-2.834621963619628204e-02
-3.610776465544830033e-02
-1.763542014784568249e-02
5.904149253815133003e-03
-7.925673276869407008e-03
7.063698018608703319e-03
1.997718729528698972e-02
2.864889612925456547e-02
6.616650538332002202e-03
1.244527282085648723e-02
1.859962873008346937e-02
-9.117554622330097114e-03
-3.784945702991340116e-03
2.194819008410753974e-02
1.779621811364072090e-02
1.232308261537324104e-02
2.147890045646932977e-02
5.687920689066896379e-03
-3.426356368125151736e-02
-2.581099959165001137e-02
-2.920601554982116613e-02
-1.158905593168494362e-02
-1.881618450901828554e-02
-8.134300380925567689e-03
6.650150687006396721e-03
2.201409039143855176e-02
3.707049564560822158e-04
-2.353398278051347173e-03
1.446429198926719312e-02
-1.806422798515980657e-02
-2.914225728234037457e-02
-1.770365491952939976e-02
3.850552380723733931e-03
1.378204697424106808e-03
1.361619436558603874e-02
2.945197890696935050e-02
2.870289388497454172e-02
1.908638060946120374e-02
2.282708569142057400e-02
2.548472575943191640e-02
1.691328752810680736e-02
1.091688840078605671e-02
1.826721764987466329e-02
3.798227677068201358e-03
8.848343198273969992e-03
-1.723030107446691696e-03
-5.522408916473546710e-03
-2.324112902443617804e-02
-9.217419337511079114e-03
-9.742604422002983100e-03
-1.016680776679468844e-02
-4.204072275683879908e-03
-6.487699314261045555e-03
-1.764138446330792281e-02
-1.735240743051229273e-02
-1.289432084338681603e-02
-2.525648318849887594e-03
4.997786536159131571e-03
7.288488529444184759e-03
8.651927054130389635e-03
9.486745288918647240e-03
2.683439556917587270e-03
4.226899907218966725e-03
3.511343212756637498e-03
9.810739716460157439e-03
9.270456293688791871e-03
5.787476395217097495e-03
1.431490346338894042e-02
1.808765487218942647e-02
2.031442334940654262e-03
1.216266894223051644e-03
9.364007814871733171e-03
1.616558212896113209e-03
-4.197205723510845712e-03
-8.787228029133625426e-03
-4.462205701047555415e-03
-1.603986198101189919e-04
7.659197553448861794e-03
1.564053047093001692e-02
2.689805788263018027e-02
2.782076043472388877e-02
1.825702556523693329e-02
1.561436733012266584e-02
8.989615884806120144e-03
1.286627446214406653e-02
7.124542661905240021e-04
4.272811736851202073e-03
-6.318290073208669873e-03
-5.552596727734383959e-03
-7.844943894920936023e-03
-7.564215847052389169e-03
-3.703636826094532791e-03
-6.231793531355729610e-03
-3.184724622509832199e-03
-6.294299688128675296e-03
4.615964402682176844e-03
-2.066036996936263664e-02
-1.486748985032447859e-02
-6.578695061576511974e-03
-3.190989137797498217e-03
-1.063612902711458079e-02
1.493039527512892914e-02
2.233922044362061585e-02
1.209898910952656240e-02
1.280784390752365970e-02
6.671447457374383647e-03
-8.872866792686392307e-03
-1.616427385120761118e-02
-2.120543345547517763e-02
-4.337526734151929408e-02
-7.119884783750571322e-02
-5.318241137170153648e-02
-4.831856397734185515e-02
-5.134989832880654248e-02
-2.897516710086524977e-02
1.229597635529811051e-02
-2.717465617683414471e-03
-7.527885305235351536e-03
2.228930031993910186e-03
-5.224402509065986799e-03
-8.801988936331899341e-03
-8.849352775230167820e-03
-9.942437014282106897e-03
-1.286450613676145410e-02
-2.026428997920552005e-02
-3.039329670784295112e-02
-2.598876501948251330e-02
-7.043736360363983540e-05
-1.070370311094707462e-03
1.912949912765555399e-02
2.807782063143800938e-02
1.638671390162955294e-02
-4.453253466342147956e-03
1.394918601474420643e-02
9.603621751455633515e-03
1.275679243697852745e-02
2.821873857994131388e-02
2.260356995546843745e-02
9.578403947652313483e-03
3.807115938171548933e-04
-5.258262597471981270e-03
-4.302363309877252351e-03
-1.062086497816345024e-02
3.699002188607535685e-04
3.621420418498065390e-03
1.050581936024171624e-02
1.188278009460562445e-02
2.263435957979103783e-02
1.838928210022278825e-02
1.507735548838525994e-02
1.339100736485308342e-02
1.144457678689024191e-02
1.394962047855713080e-02
1.995570449869025174e-03
-6.032899105926741758e-03
2.181482622078781929e-03
2.608478929402802127e-03
6.269022204991026286e-04
8.037248407859338625e-03
2.057397456247751777e-02
8.894806492265065409e-03
2.250971721614940593e-03
5.290276545592334772e-04
-5.530218983204179470e-03
1.992617977817070715e-03
6.473056320505656339e-03
4.841059571397012158e-03
1.491139552638282365e-02
1.652274929982002621e-02
9.240984392116581222e-03
7.533826601749685214e-03
2.491468908067450382e-03
-6.605558700424323665e-04
-2.287378078843734560e-03
3.871460727141515581e-03
6.054489237440177467e-03
1.733909462252742131e-02
1.554420760140213381e-02
1.708284353358797275e-02
1.232080636187579160e-02
2.106007100194829881e-03
-1.124990232004148549e-02
-1.415687119792528002e-02
-3.345557828452416782e-03
9.657953266307738385e-03
3.147786018150882520e-02
4.122407566899245063e-02
3.974384520142912325e-02
3.430711217392802548e-02
1.436474589263009305e-02
3.585560772618390495e-03
2.447790026991063066e-03
1.586171815997441253e-02
1.268824200542046504e-02
1.849789454291919308e-02
7.914248230015144547e-03
1.194860682034920921e-02
-1.152405365815158123e-02
-1.587899235458186190e-03
-7.116794899661056661e-03
8.173539363190568396e-03
1.282149048071437245e-02
2.606309755544007969e-02
1.167877832028682041e-02
1.550638683827327592e-02
2.150080541758819623e-03
7.278214427820691064e-03
2.048927055697198629e-02
2.372692783638496658e-02
1.781837748825169931e-02
3.549579043650449850e-02
2.079078138466077322e-02
8.459244911715105633e-03
5.207619878558828255e-03
4.282812800283107568e-03
1.880597762069642978e-03
1.745239530630068522e-02
1.065008601339876085e-02
9.856000236746402174e-03
3.170820622442929726e-02
1.872659359079410432e-02
-1.910818098078987531e-02
-2.586212735638475368e-02
-2.912585123833821149e-02
-4.586969797484511530e-02
-4.443667388649127220e-02
-2.151758927239462091e-02
-1.519744623735336253e-02
-2.513930028972786307e-02
-1.942877823685638244e-02
-1.657331559189536077e-02
-2.219250058194375749e-02
-5.378340057022343995e-03
2.002209802996178512e-02
1.703468993322226205e-02
1.104412164835209126e-02
3.746376889413577382e-02
4.326811941011617091e-02
3.663028861926425489e-02
3.396399688988235160e-02
3.746519548233290253e-02
2.069848884443758683e-02
2.288757265877146459e-03
5.603752020225196556e-03
3.864092103182980350e-03
3.913406882162545619e-03
6.987223571353106191e-03
2.322878384506915639e-02
3.253171887634122295e-02
3.920355078349292005e-02
4.282243555119709388e-02
4.005010639495331509e-02
3.680599020721896097e-02
1.828814531429531418e-02
1.064850032864007000e-02
2.597266351574301774e-02
4.220396562154218878e-02
3.696566796359887497e-02
3.266597184285972150e-02
4.035950384082993836e-02
3.487540321657454923e-03
-1.138649593259750611e-03
1.197780804648864404e-02
2.278655937585959829e-02
-1.297613821244738425e-03
4.670521884691313658e-03
-1.510828259197384907e-02
-2.230851984201257660e-02
-8.758812195038184756e-03
3.138109165250135835e-02
4.404698793513942001e-02
4.077432205896465434e-02
4.048642561910869436e-02
3.358289985715938453e-02
-7.823326700769142605e-04
4.126964653193280173e-03
1.292109802950677441e-02
1.364522867139238496e-02
9.424879687521463961e-03
2.436234372756262284e-02
9.044319095834349453e-03
-1.994406378707119440e-02
-6.451803951826018402e-02
-4.660924095931837097e-02
-4.717640684664314854e-02
-5.739277899996063359e-02
-9.986498291454825454e-03
1.999411702077123071e-02
1.233038128166930036e-02
4.752459820730135787e-02
7.465137766157987909e-02
6.199945883864149687e-02
5.161816344195899187e-02
5.028616293408661592e-02
1.201457769444997867e-02
1.180405636624074633e-02
4.265406120634678694e-03
-1.266536734405900901e-02
-1.634299155839358600e-02
-2.441442169319603048e-02
-5.335140435225597250e-02
-3.258796798881638535e-02
-2.110584353069941757e-02
-2.438293729169104668e-02
-3.405759775003279477e-02
-2.808565162935936638e-02
-1.807601584132025735e-02
-9.525637879301534355e-03
3.262607963433791780e-03
2.442086226384940217e-02
4.774852638524067910e-02
1.934550536118461936e-02
1.150887176161760096e-02
-1.164423970128591543e-02
-2.761496810473117181e-02
-1.818390202797688301e-02
-3.002971643741200042e-02
-2.133344123426276703e-02
7.960207579774010445e-03
2.846666114989875040e-02
2.853953851290842031e-02
3.205973052218277775e-02
4.330096874643486748e-02
3.690887893215092502e-03
1.380999287189815794e-02
1.596399250830694838e-02
2.314868367562045171e-02
2.251927623325572156e-02
4.164153181470527099e-02
2.903370835209789780e-02
2.649740095732423806e-02
3.316096467072958409e-02
2.967398944682740972e-02
4.021391635548567794e-02
3.547246846658747704e-02
1.787929088536278216e-02
2.571414173663248703e-02
2.909881293967140833e-02
7.086544102832446727e-03
7.215067176350951558e-03
-4.733394304960650625e-03
-1.673099845392500215e-02
-1.894168387786812971e-02
-2.648217587326242434e-02
-1.069367707383481712e-02
1.086964332515654927e-02
6.859255957372590792e-03
9.824069974869197031e-03
-5.069130315909012308e-03
-1.535387721321334990e-02
-1.710144773874527208e-02
-1.179090282836986470e-02
-2.901559962255197828e-02
6.684698632639456649e-04
1.075383436342195430e-02
-1.240916233979658459e-04
-1.755359755303883065e-02
-1.061824248957900924e-02
-2.733087784410720422e-02
-4.765813594075331283e-02
-6.193949363645823158e-02
-3.874612872239515532e-02
-4.704824714462920582e-02
-2.725241004587290045e-02
-3.890082774360073548e-02
-3.522162779084633821e-02
-2.486369529785989463e-02
-2.476011815535678409e-02
-1.149793048215192598e-02
3.638852722285410880e-03
1.654590607437184460e-02
-2.804178657001946476e-02
-1.218124366448463530e-02
-1.142643409360336038e-02
-1.566459343964436354e-02
-3.038161767299065591e-02
-2.429960765890504248e-02
-5.779997930416866381e-02
-6.803308183132303344e-02
-5.478508702123902757e-02
-7.883299263908447041e-02
-5.350263962876233154e-02
-1.115127542716018612e-02
8.673643357180665231e-03
1.841479175906631308e-03
2.978086864427427830e-02
2.312061846886498059e-02
4.492551398834964543e-02
1.631187032956636640e-02
1.946239514154042560e-02
3.510726454150230741e-02
1.638015321307540254e-02
-9.611076231057537334e-04
2.488860807784810253e-02
2.729107317171499889e-02
3.029675023132967146e-02
4.195478917424734500e-02
1.315611755140625935e-02
-1.282402815821171056e-02
-1.208732134474511943e-03
-1.058623874997537129e-02
-1.784844380693001095e-02
-1.469158349319992125e-02
-3.067082239805327126e-02
-4.220644269409519478e-02
-6.781392799229169627e-03
-6.040164679872884329e-04
7.564799365264142372e-03
3.858849335649995604e-02
2.612497036898690089e-02
1.546440131863680532e-02
3.458825796243233941e-02
4.379416505001342691e-02
2.862100175051666279e-02
3.824196298375089759e-02
1.896229201102603984e-02
1.013622049177294489e-02
-1.978120063263747244e-02
1.536940068409032439e-03
1.235840714689299263e-02
1.032378497083068225e-02
4.238959573675003811e-03
4.534954785605884581e-02
2.247669524364035581e-02
2.614692315210578183e-02
2.463999086561423357e-02
3.416460199213912363e-02
7.033847801429727459e-03
2.281408956855583009e-02
5.687724646000844736e-03
-3.765919242364624414e-03
-1.044304631649754095e-02
-1.301244903869582317e-02
-1.812302050557338187e-02
-1.816877134522162929e-02
1.122328946546289306e-02
1.219672723527404773e-02
3.708197154289958469e-02
3.069973264404038046e-02
2.563076683850717616e-02
-7.983678836466306938e-03
-3.339473744570200554e-03
-3.506719952316828676e-02
-4.153313637512553308e-02
-3.334502045874868786e-02
-4.382479020928135849e-03
-1.336781850248668947e-02
-5.268157551837092389e-03
6.819133235091827741e-03
-7.815805540269105817e-03
-2.000888536492350170e-02
-2.016057051833121047e-02
1.447611248805856336e-02
1.196653606079469204e-02
3.103997552908087376e-02
3.892102709717559783e-02
4.306637528794114711e-02
8.409535781493676296e-03
2.614413363575738419e-02
1.894688008323083817e-02
6.456326226360618696e-03
5.268750309169466933e-03
2.533469323917022370e-02
1.218741998292385137e-02
8.119993479198794190e-03
1.527427099818366371e-02
1.109056737423389123e-02
6.935739964866548431e-03
5.738128859260427893e-03
1.011511697903272680e-02
2.776468783800565936e-03
1.560086518302174902e-02
1.046763969787435286e-03
-2.637219040408644855e-02
-2.297157495573066630e-02
-1.959520421482550262e-02
-2.784000918081842510e-02
-1.757662693810857144e-02
-9.259763137776950287e-03
-1.322232726327090581e-02
-1.708177670198024467e-02
-2.113685317752730941e-02
-6.355648405160438386e-03
1.708575098814603139e-03
-2.144474158929781608e-03
-1.285499854679929971e-03
-1.868176935372425559e-02
-3.469093448136479491e-02
-2.047725803756365523e-02
-6.027707215539558627e-03
-3.452590209675578288e-03
3.337994667392737980e-02
4.510779581879584277e-02
3.663834463730189506e-02
2.598613738002933382e-02
2.556097883744851834e-02
1.818866727834888078e-02
1.215546811580242408e-02
5.866920354824193759e-03
1.367000214645434225e-02
2.261370024684172808e-02
1.945666092670532421e-02
2.137093375663598471e-02
2.979269221285468089e-02
2.592667463224678642e-02
8.325828566579268272e-03
1.887723216359016298e-02
1.290750099962854718e-02
1.120849320151853790e-02
7.680627979474012948e-03
2.311466730172517803e-02
1.239194184692994465e-02
1.032789062410545931e-02
7.041471312672598418e-03
1.514138276427025136e-02
-4.529946117134947547e-03
8.484475478383176825e-04
-1.653143935907904621e-02
-2.276167761495169126e-02
-1.724275771225308035e-02
6.899436691334498439e-03
-2.050427981459942463e-03
1.865049674368646909e-02
3.114977298145991252e-02
1.474850691845625353e-02
1.237292156799657886e-02
1.191018030818974914e-02
1.415379551163316318e-02
5.017123596820022291e-03
6.419983437171388266e-03
2.652629533303603633e-03
4.677489399884434546e-03
-7.106797115005761625e-03
3.499321274239114606e-03
7.159488825744844340e-03
-7.218713617152569366e-03
-4.775775563044631217e-03
-5.254383517302835607e-03
-1.304279425989599700e-02
-2.440945010140898458e-03
1.582407093896461697e-02
1.966992697083743205e-02
3.438348808663601458e-02
3.316772137932151587e-02
2.458958127225299717e-02
1.786688948955535150e-02
9.004209367094380065e-03
1.175142551800857464e-02
1.734565014185275589e-02
1.522675913291434389e-02
1.002812615691528637e-02
-1.740556508785325376e-02
-3.685664285322939188e-02
-5.483385898452020069e-02
-9.031998116553451028e-02
-7.298768726284890485e-02
-4.886225461043016555e-02
-2.102909289970104206e-02
-3.134821599324399445e-03
3.832191387790418596e-02
1.965419078884114365e-02
-5.246695946901788754e-03
-1.354454717693378239e-02
-2.476747610016700324e-02
-1.649155951475957463e-02
-9.108734663622782002e-04
4.354903511067759192e-02
3.612510984186829976e-02
4.540603803594265436e-02
2.068461357525385250e-02
5.318824613513311976e-03
-8.953099902625008544e-03
-1.109983455134140075e-02
-2.857187006035730170e-02
-6.992408791275647739e-03
1.663079619961705530e-02
1.309056912715001950e-02
1.133835167087915950e-02
4.115075676776937252e-02
2.410049912767951372e-02
7.155133370469135556e-03
2.797456951947337178e-03
-6.934575089600644726e-03
-6.528282076119350241e-03
-7.799522011243321951e-03
-1.550897547754580275e-04
-9.649899242424316709e-03
5.093558484370971050e-03
-9.858321068433038500e-03
-4.327129552361085561e-03
-2.470766409893612736e-02
3.287206639169914027e-03
-2.995953263141126928e-03
-1.038804941900909641e-02
-3.262844230139168127e-03
2.484915820843006454e-02
1.297800000029674175e-02
1.978576825746330287e-02
2.639141185855459204e-02
9.087728238504896167e-03
4.588337680034295860e-04
-8.180887821413306699e-03
-1.242289415799296276e-02
-1.352979549775130096e-02
-8.819860829698104171e-03
-6.872226290929256756e-03
9.494582401076482464e-03
9.997162508667434971e-03
1.127262281032846356e-02
4.680570940457188037e-03
1.748253456580174670e-03
-4.237443405556290399e-04
-6.622194058969257079e-03
1.005156752540402668e-02
2.695810455149437804e-02
2.170046472197891332e-02
2.134358802090651624e-02
2.541142740031215527e-02
9.887926726172061725e-03
-1.006170909494161214e-02
-7.760307020545097884e-03
-1.635678934085758179e-02
-1.722873426691426055e-02
-1.176154286898418305e-02
1.076358748549562962e-02
1.751039973749750345e-02
2.242012376660480755e-02
2.664881550292503773e-02
2.206204511132964924e-02
1.201009446312042463e-02
-3.424076116328113231e-03
-5.382334654601144026e-03
-2.009999744110643055e-02
-1.703161778896746317e-02
-2.767722629473364296e-03
3.246714096088455705e-03
4.627299676448436844e-03
1.773834095132421906e-02
1.599928675487055293e-02
1.422341783159026055e-04
6.354602458541417503e-03
5.646293841200769777e-03
-6.582948225761927306e-03
-1.311085054490482814e-02
5.388141982938665295e-03
-2.451309162808377497e-03
-1.307442300611754218e-02
3.708481736819921500e-03
9.617069550576007320e-03
-1.520962462855390482e-02
-1.188552927161173021e-02
-8.761842096180976966e-03
-2.314430346930722998e-02
-4.933710585749515043e-02
-3.826189150445601095e-02
-4.273666044182460044e-02
-5.688008737352078653e-02
-4.140453861358343174e-02
-1.774235777762573144e-02
-2.191892541106567338e-02
-1.914689888017200373e-02
9.339160217960986929e-03
1.092043195531256644e-02
-1.278880967178997255e-02
-6.787023723410192527e-03
-4.570243718977862364e-03
-3.305310659437665777e-02
-6.137203486098787020e-02
-9.310802422337180473e-02
-6.565451413867998132e-02
-5.762731463749156541e-02
-3.552172968645077311e-02
1.033929170660734774e-02
6.189844017185704150e-02
3.552296372470844371e-02
2.399397029444079801e-02
7.030942910208885788e-03
-1.000927951347748215e-02
1.950939664924188077e-02
1.361977212777886782e-02
8.131427191494934592e-03
9.052863949785511927e-03
6.367011699815235820e-03
-2.734416914192539655e-02
-4.707975811088901952e-02
-3.361505537186094267e-02
-2.258513970437031962e-02
-2.717337734362932494e-02
3.261912656782814390e-04
2.333472533543622107e-03
3.124137879163366160e-02
3.826377301858380903e-02
3.058824199831675084e-02
1.686592155440824053e-02
3.933440098751804503e-02
2.713985510049822525e-02
2.240492708681941086e-02
3.217247118399447353e-02
3.857444269126386605e-02
4.544477856548336664e-02
1.534425088122744023e-02
1.650516625844096474e-02
1.846436821006739934e-02
7.661839825949127818e-03
1.495113152208590000e-02
1.386741045822800084e-02
1.703028783916954447e-02
-1.281741612671975089e-03
-1.304203681160794222e-02
-2.041962498725087213e-02
-3.027278309104697654e-02
-5.443779686025548847e-02
-4.093280799060906167e-02
-3.584019727375776371e-02
-4.924106583835427542e-02
-1.853223993936450528e-02
1.566938505508365734e-02
1.211012147405237695e-02
2.291863523857318868e-02
3.536716467630506705e-02
7.176555695092394493e-04
-2.603721304653732610e-02
-2.440072909755542155e-02
-3.904650918940311133e-02
-6.735165820743369003e-02
-5.821171892809921811e-02
-6.815258251156024183e-02
-7.161337311582199883e-02
-3.780141142895888928e-02
-2.408176382626213419e-02
-2.790272423924208475e-02
-1.022046363553311132e-02
5.596245758196024753e-03
-4.364305480687832167e-02
-3.352000210192718904e-02
-1.280984375458229380e-03
1.191407461868202768e-02
-3.802980887558403585e-03
4.455754408341906780e-02
5.182153259424324837e-02
3.210241093364775422e-02
1.676360688831749282e-02
2.958995173773022042e-02
2.296149728558454992e-02
1.742939126869895439e-02
1.872564824096119643e-02
3.581863670273535000e-02
2.050599426619052756e-02
-2.149424379826344461e-02
-2.808242993255180564e-02
-4.328613906670079892e-02
-5.356738386835808302e-02
-5.826385010114139285e-02
-3.303872559549456828e-02
-1.673728582404852144e-02
1.966143916641057560e-02
2.888466940604953945e-02
3.492279509086557154e-02
3.678765593852317134e-02
2.674393793434332381e-02
-7.006630146214745843e-03
-3.293898770934920728e-02
-3.708615855084869406e-02
-7.310024688682721650e-02
-5.749539225048613117e-02
-3.730212965647619616e-02
-5.722721182792325084e-02
-1.055447888769333320e-01
-5.131080970596600677e-02
-5.140765714745665349e-02
-1.688843932823989175e-02
-1.802362865115944915e-02
6.956693941296235306e-02
3.943117470990935985e-02
3.745498870187788376e-02
-9.732321994040168261e-03
5.729644735084175183e-02
1.958893956238980105e-02
-1.858982022753057073e-02
-2.875756363182395414e-02
-3.620465377226917553e-02
-6.234820251253256340e-02
-5.052206244896030596e-02
3.945854008933314533e-02
3.096883121361719907e-02
4.639473003476574792e-02
5.497678270559433478e-02
1.835400410156270978e-02
4.527240991890085775e-03
-9.003454356426325231e-03
2.026713427236453285e-02
4.844331468828522343e-03
5.274709501828993286e-02
1.718238085717566782e-02
7.568036410334232078e-03
-6.858890110421461683e-02
-6.210291830248483580e-02
-7.849275383359449743e-02
-5.233806938224501437e-02
-6.219129045024759939e-02
-3.605187682105864128e-02
-2.604378784927503104e-02
-8.588205457405986148e-03
-6.099467211304174241e-02
-4.326054641880258678e-02
-6.125526069696930753e-02
-5.639604091629095428e-02
-4.783172121891674650e-02
3.943644670451974810e-03
1.929460634798439711e-02
7.811580146402821723e-02
6.020836807502553956e-02
2.768239219095605663e-02
2.670979469596774375e-02
3.635200998841129488e-03
-6.991687753608146275e-03
3.728657533290512249e-02
6.044047441657292297e-02
3.621101928398696990e-02
7.122647819145060122e-02
4.586539100908600119e-02
-5.891045267644700809e-03
-3.376794776993134045e-02
2.292580880013200123e-03
-4.041250394556051423e-02
-1.980549572142401710e-02
2.607984485772952069e-03
3.439504584121005210e-02
1.139704105501582534e-02
5.856022486485967793e-02
4.200118640954375593e-02
3.240886623603887046e-02
1.058470947663428877e-02
2.831357127571061671e-02
1.433976850698025912e-02
2.205885569400373170e-02
1.372800426676223928e-02
3.685718053485423362e-02
1.709339822806045170e-02
3.512490029382619658e-03
-1.415388505626119682e-02
-1.708456356612196060e-03
-6.822819038686294552e-03
1.138820058552687461e-03
2.188280038918443901e-02
4.048224598045797179e-02
3.757630172529197177e-02
1.468054351055710430e-02
-1.371039703790986192e-02
-1.936145039318698871e-02
-1.468449580602188866e-02
-4.145257635516828854e-02
-1.902003475767970533e-02
-1.569444671748716075e-02
1.039116426975506685e-02
2.302262695029178019e-02
5.333225502815976127e-02
2.248012694880518331e-02
5.161064335561314775e-02
1.522220865531624494e-02
1.046911829569802284e-02
-1.808197608788497668e-02
-1.331920057047162459e-02
-1.761738121794910114e-02
-3.206261187664744688e-02
-3.624096600655573458e-02
1.212460535205597476e-02
2.306803030736056387e-02
1.881163272708566078e-02
1.724389061035924015e-02
-2.267561182477940279e-03
-3.523001594182837565e-02
-3.538292292077706291e-02
-4.405521736490278922e-02
-2.202752272734837674e-02
-2.894136023954473752e-02
-2.751495224567678671e-02
-2.829338022641629535e-02
-4.009564894568878879e-02
-4.112552838318561665e-02
-2.288710477678876712e-02
-9.041300399183041167e-03
-3.246780654597528765e-02
-1.778737667645653719e-02
-1.505313521688298253e-02
-1.508532953055028401e-02
-2.653756234905957356e-02
-2.160342434402695577e-02
-2.257337329197620784e-02
-1.381325446320964649e-02
-1.826360925263185997e-02
1.334618039675338971e-02
4.284689891019610730e-02
6.393515732484693348e-02
3.408136070158492709e-02
4.206530440236757457e-02
-1.936636534786288430e-03
4.112364991586502441e-03
-1.679053528811959989e-02
-1.817498626855727079e-02
-3.200343325372523307e-02
-1.877703423035452512e-02
-8.481570507507953105e-03
-1.900451417737432716e-02
5.621635526065203378e-03
3.776270056422934701e-02
2.967153360838004073e-02
-1.764566508625716595e-02
-1.289733264821751185e-02
-1.137945854816785167e-02
-1.996278988101129331e-02
-3.352032887244072584e-02
-1.324549570427405176e-02
-1.591614492748644194e-02
-2.751693362059376077e-02
-2.202429861194776448e-02
-6.733815227586631598e-03
-7.711955177673761493e-03
1.257033862177171736e-03
3.161470010049979157e-02
-3.459790002978911302e-03
-1.333240455709710712e-02
-4.981438473471093420e-03
-1.663077032316025161e-02
-6.810115232197341828e-02
-1.647570125112524098e-02
-1.669917518128490388e-02
-2.739881813487659440e-02
-3.691880756139193087e-02
2.070903422626193396e-04
-8.379354414912618121e-02
-5.391355067778996757e-02
-7.196699138762564785e-02
-1.512220665464821673e-02
-1.021758618060717751e-02
4.260419837849827029e-02
2.161531980918452583e-02
3.454730762031164165e-02
-1.498054336669052411e-02
-7.118323071007441605e-02
-6.362161197051778572e-02
-7.358439959759525972e-02
-8.370772596769315843e-02
-1.145001974492666080e-01
-1.031893646037433943e-01
-2.112609186565093389e-01
-1.972941423631993652e-01
-2.788440538734726637e-01
-1.030514967022032047e-01
-6.177868657160694166e-02
-8.439835768460830778e-02
-5.195968489935084977e-02
8.443380004421940921e-02
-1.507138120872142384e-02
-9.586652943142398575e-02
2.990967611855264996e-04
-1.280270749814007014e-01
-2.289305650170990192e-01
-1.996579212364644196e-01
-5.482527050837411597e-02
6.506070149259529645e-02
1.144965354578199590e-01
2.409625673322455253e-01
2.224968208243442713e-01
8.037023400128982809e-02
-5.074226031067845255e-02
5.714970994900056556e-02
-3.406952114686762068e-02
-9.071834350640387012e-02
-7.711936426719985527e-02
-1.415190464918171173e-02
-6.351251371934302226e-02
-5.613537908551615579e-02
-4.978301419818755708e-02
-6.722017787285623769e-02
-6.740394277874689477e-02
-2.358465953455743391e-02
-1.392756246174170834e-02
1.203501910575735870e-02
9.989353574303645733e-02
5.967301082047511696e-02
-5.687850706084393582e-02
-2.579109531100190131e-02
-5.513233275115142495e-02
-7.243186410077098736e-02
-8.151285521374895815e-03
6.548397775839620572e-02
7.878854028218940098e-02
9.575584124145400389e-02
3.942228605584918721e-02
3.950332150843269968e-02
2.029668046783734969e-02
-5.525558762935775178e-03
-6.132985605545157939e-03
4.192735430036460820e-02
6.799959459640632364e-03
-5.960751250670880130e-03
-1.512842082185987536e-03
8.305913291168117232e-03
1.830383734342518054e-02
6.839970556396021174e-03
4.810974509679102201e-02
-1.579798282229837036e-03
-2.220446656179860673e-02
-7.211795333831305665e-02
-7.336801654226732250e-02
-1.411085943147618593e-01
-7.559402577343700413e-02
-6.788168650579846919e-02
-4.225464147755836342e-02
-6.572831543129623033e-02
3.537184009445273197e-03
-6.072453575051305064e-02
-7.214493958147705222e-02
-5.853855020207521243e-04
2.556995818596321038e-02
2.447527423677986480e-02
3.161773829086944598e-02
2.466547805742464947e-02
-2.965740017260047254e-02
-8.343081939027000710e-03
-3.723563023181896553e-02
1.027599216354461303e-02
1.199910200370525939e-02
1.527221894971167969e-02
-4.238105356988221967e-02
-2.164868841499723723e-02
-4.125871416377693141e-02
-4.144423526756959436e-02
-5.317659732173845438e-02
-1.935589045819207168e-02
-4.778815012995137057e-02
-4.946156935201990318e-02
-5.056031105936307363e-02
-9.765533185709312364e-03
-1.328236299832878144e-02
2.029326500536195871e-02
-1.310174619821576764e-02
-5.357868096249013973e-03
-2.308374927766168594e-02
-3.282422049298950456e-03
-5.364638488631735813e-02
-2.702624316265534246e-02
-2.446658994984637903e-02
1.161255175415010915e-02
-3.215755641498506401e-02
5.375999042729349281e-02
8.363392222023260936e-02
1.193287263100267226e-01
7.770894596984320724e-02
9.882567756069027265e-02
8.192837656327323081e-02
9.692958965709887187e-02
6.464682422296286202e-02
8.002101614413890951e-02
8.222969245387656834e-02
2.498213237013047205e-03
-4.564883488160716846e-02
-1.521902426797780775e-02
9.616306499295096399e-03
1.414208569234962597e-02
7.278855567240404001e-02
8.543779481083059457e-02
2.869150110408902332e-02
2.226005718042152470e-02
2.419346975915396061e-02
7.479357334144576437e-03
1.112281162657331735e-03
1.706702559922706683e-02
-1.819946094049244845e-02
-6.326257965971200659e-03
3.589100514878062510e-05
-1.496547656076752282e-02
-1.792779346670329149e-03
1.042488649221692994e-02
-2.266158650650265671e-02
-2.248229601653354073e-02
-2.529158782408879452e-02
1.150189187188324288e-02
1.462745708557888075e-02
7.494625325639804603e-02
7.785014589697117349e-02
1.068913945613215732e-01
5.190705127409760145e-02
3.965175906292230795e-02
-3.160205857052393597e-02
-1.795019814623841428e-02
-4.470999302324517310e-02
-8.951915262111961868e-04
4.441407853982603030e-04
1.856693797149068514e-02
-4.241023427584284834e-03
3.354113626278169835e-02
2.206271672576075663e-03
1.002274612653461863e-02
2.000962886453827236e-02
3.165247499510754486e-02
3.477400005360789526e-02
4.139402786549913060e-02
3.158692744738220842e-02
2.275896708123360465e-02
2.545531719414085431e-02
1.922755144194008767e-02
8.466542018160140570e-03
2.532120130235583980e-02
3.179560528395735525e-02
3.696297864303124681e-02
1.748724971988020738e-02
-3.474000469087711040e-03
-1.519170439241629249e-02
-2.820706683831272071e-02
-3.509637807585438973e-02
-2.148487363141796114e-02
-2.106226121526015571e-02
-2.578776073768281746e-02
9.473024664271322004e-03
9.268934095646849322e-03
-4.365164889355174077e-03
4.192012319459050007e-02
3.580565793596483803e-02
8.140485624989654903e-03
-6.227400794509179924e-03
-1.054241350710842517e-02
-3.169159834369952161e-02
-5.364524369797597780e-02
-6.107019800194929404e-02
-5.537511897996443694e-02
-6.735055562027769671e-02
-4.082943010084476299e-02
-1.621223309751753522e-02
5.698964695259003087e-03
1.156597476407312391e-02
6.436594153736535651e-02
4.861123706159493907e-02
5.495929161605924568e-02
6.227307682462648875e-02
7.120031005949876979e-02
4.410604695164078298e-02
3.933479505542664123e-02
3.730934037671903430e-02
4.062157022261628225e-02
2.581307589316090417e-02
2.812678912465710335e-02
1.367905142180305539e-02
2.168884041600698670e-02
5.321402964964494844e-03
1.645793386824657978e-02
2.008135029417960210e-02
1.764100946354037885e-02
1.235115965423161551e-02
1.763447400807990895e-02
-2.459134268804944248e-02
-2.879872753519231721e-02
-2.238574024959930422e-02
-1.280174700509002436e-02
-3.447624798203584306e-02
2.997294355338942298e-02
2.044120032878284782e-02
4.181342395200629558e-02
8.683750297814055163e-03
2.849553591046691953e-02
-8.401045436573238712e-03
-2.087882816122311330e-02
-4.077127329127180899e-02
-2.776987537542600568e-02
-2.044649508801759177e-02
-9.508923723976540898e-03
3.076805560527726829e-03
2.885435681111632455e-02
2.493602477094527051e-02
-1.158526424383050230e-02
-1.704098533048764921e-02
-4.019856720494691289e-03
-6.667825550232122506e-03
-7.090156966397298359e-03
-1.036277556343985495e-02
-3.718581772960898035e-02
-3.335542479535162641e-02
-4.679703223507303972e-02
-5.513104329608588955e-02
-5.342948273884745580e-02
-3.404404472477694926e-02
-4.127509795555854566e-02
-3.347863992668118072e-02
-1.475662685732894233e-02
2.881663732121329813e-02
4.071934333962123898e-02
3.730788830905360648e-02
4.382828447907750891e-02
4.232480640226247287e-02
2.173800210978530864e-02
2.550230605821185090e-02
2.679233032863843206e-02
2.781605339764263093e-03
2.476143754463324374e-03
1.224439360973518000e-02
-1.210565838727774637e-02
-2.531831443714804494e-02
-3.731609505929234238e-02
-2.443800060860716952e-02
-5.552173120918134364e-02
-3.671495993642816258e-02
-3.613979769805047981e-02
-1.034030325992894503e-02
-2.275375994797730964e-02
6.890478987768873867e-03
2.776440422213112807e-03
8.918214406176499381e-03
-1.946868797818764214e-03
-1.817387486760733452e-03
-1.436718988871875727e-02
-1.993877213120150843e-02
-2.635484098533959901e-02
-2.830062600430568662e-02
-4.060417994948575804e-02
-3.007701316349190718e-02
-3.080610380724936939e-02
-5.024409906812968285e-02
-1.614725207383117811e-02
1.798531593955611865e-02
1.756430320044958387e-02
6.142444416973878024e-02
9.860000183139913665e-02
8.430588231234723007e-02
5.767123670174589128e-02
4.036299445924095702e-02
-1.157742483724832905e-02
8.472810236928949440e-03
-6.108544504297437616e-03
-5.635833564269716704e-03
1.711361936618253574e-02
3.006020529080363074e-02
3.375788160251299002e-03
7.668179542878130264e-03
2.879261037505940687e-02
3.471469920792469299e-02
3.203894820746583383e-02
4.738795956854881253e-02
4.367230544035845957e-02
1.609730494077088805e-02
1.112428708542370637e-02
1.767285751913726458e-02
9.100613182209359164e-03
4.090170722818283269e-03
2.360219245402641469e-02
2.083760190494893944e-02
4.968076913437017086e-03
1.628839878870375762e-02
2.773837226205065967e-02
5.242584961537403304e-03
-1.055628417429951144e-02
2.318548888037784937e-04
-3.606668975021170079e-03
-3.630456344445529698e-02
-3.205004064510376394e-02
-4.169559409062189442e-02
-4.626348683704621656e-02
-4.268152542880138123e-02
-3.776652681765177433e-02
-2.970342958049226184e-02
4.426828942778415071e-03
1.474145371482903435e-02
-5.614729329162132174e-03
-1.391770591662733550e-02
-2.512422973240081500e-02
-4.316959349157854786e-02
-4.324445585342909931e-02
-2.580227593221437465e-02
-4.363653054582493362e-03
8.248760621875132065e-03
3.695427079647017193e-02
3.662537859495939435e-02
3.105463989308079181e-03
3.793678132082954624e-02
3.118511890738372844e-02
-1.053377436462169664e-02
-2.287353534434677718e-02
2.419992564715259947e-04
-2.220626729743192806e-02
-1.266276752358203722e-02
5.310950357747205169e-03
4.322454170837854159e-03
2.370736093172078063e-02
3.988010503063399437e-02
3.327089236294834829e-02
2.986044827510942259e-02
4.991076726320430035e-02
3.620621105892463110e-02
1.556515838043625970e-02
1.447316941711605104e-02
2.644232932168820785e-02
7.387594930079404917e-03
6.809447034991302113e-03
2.059815566341318023e-03
8.666204405812507131e-03
-1.672910660225333281e-03
2.321495206995328672e-02
1.483210859619650372e-02
2.953760295775541278e-02
2.510157120442936887e-02
3.765642889651734521e-02
2.600575115902085607e-02
3.161005993593984931e-02
1.654954059830078539e-02
1.812958815951453209e-02
-6.799790022288082839e-03
-7.269790855510740307e-03
-7.737512779326905302e-03
-1.079071844727970408e-02
-7.816800485516110439e-03
9.410094364186754462e-03
-9.159732013012586091e-03
-3.097002808123865136e-02
-2.362106398937526691e-02
-1.030292518092741291e-02
-2.922423250590476529e-02
-1.705294528672713500e-02
2.328763320244611745e-02
2.821836706404705353e-02
-1.501376990235052042e-02
9.843588895257153470e-03
-2.024761524086769043e-02
-7.445946928549837529e-02
-6.274869178991593355e-02
-4.816201525285251916e-02
-6.186829324112998879e-02
-7.050111596274475506e-03
9.403195376965900812e-03
-2.840737075036067760e-02
-1.631314259167390354e-02
-2.013495331596584087e-02
-5.717931922445902704e-02
-6.699477620367103037e-02
-4.775895587647971396e-02
-7.949864663428546363e-02
-6.742243790582104490e-02
-3.971943174372586510e-02
-2.205863300769056110e-03
1.054924216461121649e-03
2.628402016392243981e-02
8.426327991289079417e-03
2.807507338106681252e-02
1.405726563083386019e-02
-2.570455843433307186e-02
-1.806716381001441385e-02
-1.723676346100369572e-02
-3.819584197331046121e-02
-1.998801912786184187e-02
3.701843154894880750e-02
3.603316622350467846e-02
6.441388412879399394e-02
4.675386465930241736e-02
2.941994584574405408e-02
3.560995197480699981e-02
2.250007250504895348e-02
-1.435183129911710154e-02
-7.131852105345877144e-03
-2.610451663428681873e-02
-5.460624956165506527e-02
-5.510760770757380106e-02
-5.606471946550884572e-02
-7.710329715286937113e-02
-5.637574602568259929e-02
-4.506500065709560798e-02
-2.460682100537744249e-02
-1.103726317804892831e-02
3.675688842860678346e-02
4.062613464789958939e-02
2.990727429085800540e-02
2.110675175874717271e-02
5.407270465643823631e-02
1.558617796369563512e-02
-1.863410094310755105e-02
-2.860779628450217313e-02
-3.373267106348923350e-02
-3.789868724182396398e-02
-1.895604338227450947e-02
9.361430445284677632e-03
4.986709565232794183e-02
5.024497869603584271e-02
1.121251597703627062e-02
6.988548926085099040e-03
2.054802126865551415e-02
-2.743351848945709340e-02
-4.351401295653912343e-03
1.093060755433981381e-02
2.278312570975701834e-04
-1.485706916777137891e-02
-2.092380161763821023e-02
-4.679303254847596433e-02
-4.114348219419081132e-02
-4.005193067755184050e-02
-4.162154177023040524e-02
-5.644915496701912588e-03
1.616053107311874598e-02
-8.037879957366315942e-03
-8.734606772701164132e-03
-1.834514147316134922e-02
-4.370395012953137703e-02
-4.995238658841289620e-02
-2.072894892900305902e-02
3.566129339601568568e-03
-1.920235952965716059e-02
9.186200477741818596e-03
1.740336515058811886e-02
1.359524112235865369e-02
1.648338308541475936e-02
4.454355226518180721e-02
1.087155854271821750e-02
3.914916675382755853e-03
1.362610267104152895e-02
2.201562957921694014e-03
7.914572516330457483e-03
5.233716031696088178e-02
5.637966813016836998e-02
3.853085627960588233e-02
2.589070704728613226e-02
1.836507210747150010e-02
9.798792778332718334e-03
-1.363174577682153658e-02
-4.460043458013469506e-03
-2.080494735232142275e-02
-7.145591858517965668e-03
-2.339737449165842781e-02
2.419205090046254100e-03
1.371909844415977915e-02
3.311495251197683204e-02
1.944444363179135410e-02
8.076931280294810667e-04
-1.218156468740789859e-02
-1.119806885713113889e-02
-1.924052028372379847e-02
-9.471218253127760070e-03
1.593544192654667430e-02
-2.332716381691380195e-03
-2.183941267625208113e-02
-7.770968955568375788e-03
-1.029976074168909711e-02
-1.713545847320553303e-02
5.786958609085728934e-04
-1.115133029845218667e-03
-2.407737092006723145e-02
-2.656353912771835732e-02
-2.345634735639114815e-02
-3.014009057137841119e-03
2.737741334964477122e-02
5.604417175004498125e-02
5.728814364161184669e-02
7.064773791348354093e-02
5.231925738286745398e-02
1.021355147850541191e-02
9.671626093152660072e-03
1.052867659342497132e-02
-1.920294091126436165e-03
1.531292653592990390e-02
3.014124723709983231e-02
2.885272488962570270e-02
2.350522041791525130e-02
2.695793931032980373e-02
2.586092552690258915e-03
1.028385404530815506e-02
-1.776910337501196036e-02
-4.202245205534130799e-03
8.767197731419131002e-03
1.372675293385834314e-02
4.064440213925417204e-03
2.032724149080970474e-02
2.416296429317752945e-02
1.147544223368583000e-02
3.298623556099750109e-03
1.238063183426238965e-02
1.717424610898939455e-02
7.540662666276545280e-03
2.467345682670514864e-03
8.957056068244666561e-03
-7.555214841059269305e-03
5.197475138686222240e-03
3.553424735270509748e-03
-3.117910281700167312e-03
5.049440536037059016e-03
7.432827409355530733e-03
-2.509308210929470963e-03
-1.142741564704281149e-02
1.150155463240678383e-02
2.389892051521100118e-03
2.277741785219351833e-02
1.881736561854404147e-02
2.717285844439560824e-02
1.097048418634644432e-02
1.993246338637711182e-02
-2.921683472227037427e-03
-3.628579178064169145e-03
7.894356465503992717e-04
4.205038580769402540e-03
-1.450062908470261917e-02
-2.161682979271500188e-02
-1.513365621939129213e-02
-5.200364937961079320e-03
-1.481006302747175929e-02
3.953977783558118575e-03
8.318041404021793428e-03
-1.041551193279527908e-02
-1.831582666046678229e-02
5.317551020304213394e-03
-4.524135722079120764e-03
1.752636900076311177e-02
3.400431296273745407e-02
3.457753964715110095e-02
1.522860050073914298e-02
1.657022750209342574e-02
1.711640809408583250e-02
1.449315256379529390e-02
1.607079884342524703e-02
2.039828157826703223e-02
2.211433241342185274e-02
1.223105683522472155e-02
-7.656691427892737059e-03
-2.143311616333229419e-02
-3.607168122431484575e-02
-2.958068300053592892e-02
-2.173482429756529166e-02
8.341353023390849289e-03
-8.231051474171569710e-03
1.267294724460896541e-02
1.573049287697907139e-02
-1.127085584766227173e-02
-2.150912098305584122e-02
9.213675894658979876e-03
-1.442810633740069376e-02
-4.194128024117055320e-02
-8.795797023548967974e-02
-2.014105658550753852e-01
-1.522789088170950211e-01
-1.520379471532138926e-01
-1.077728661782310082e-01
-1.265800967800094490e-03
9.359771970831554100e-02
3.684317853394922931e-02
6.201956554058079413e-02
2.909235911623440224e-02
-1.565428731746273255e-02
2.707303842154364440e-02
3.336297127025558001e-02
1.790269340673882742e-02
2.504210844700879152e-02
1.640642437251416119e-02
-1.289800589664315787e-02
-1.697235750533579793e-02
6.129510882689094900e-03
8.339564567029500441e-05
-6.289795702689749204e-03
5.909816492476013122e-03
6.546214763575058937e-03
-1.824060888067328967e-02
-1.691748577593797653e-02
-1.202665034050997769e-02
-3.570179914370624069e-03
3.293707300273377228e-03
9.410851080976969513e-03
1.199368549883760189e-02
1.238562000029060431e-02
8.810982792656272405e-03
1.678733300043478566e-02
3.271484736043531183e-02
1.917407561448277592e-02
2.435800648975372518e-02
1.301053937511566054e-02
1.473017538332911745e-03
-2.916407527911793821e-02
-2.157465172457514319e-02
-2.439887327843397874e-02
-2.597309939384338101e-02
-2.070914618699684628e-02
-9.911416450818130372e-03
-4.330062719488400255e-03
-1.027090189510423447e-02
-9.435977967127143901e-03
-2.506819213370103591e-02
-6.127413815822272541e-03
-8.901680105033563800e-03
4.675826280003556913e-03
2.259359286177721471e-02
3.100476847181100198e-02
-7.333507344945353057e-04
-3.127196573915420018e-03
-1.319775682206821357e-02
-2.621088108866551775e-02
-2.818793749906325918e-02
-9.240815266686063303e-03
2.339231630005096478e-03
7.208267328062136457e-03
1.104126616819848389e-02
1.312695402546404204e-02
-5.918953889174674229e-03
-1.728458325345553007e-02
-9.986999350776265549e-03
-9.273260059047884821e-03
5.739454667062876894e-03
1.951448298566568068e-02
3.440251742533217971e-02
2.366282028533943718e-02
1.981580073068374415e-02
1.727872924971574076e-02
2.259937826165482264e-02
1.937570003648011324e-02
3.958684718030969912e-02
3.297503097930071930e-02
2.869657979574229828e-02
2.565101280924306920e-02
2.695982951604140518e-02
1.042608995431698257e-02
-4.677780221392499257e-03
-1.190706294989771555e-02
-1.349725875526469263e-02
-1.623535234326935195e-02
-1.801825334968687117e-02
8.025448431324036513e-03
4.731270817320832635e-03
1.953300926305166427e-02
7.544805090082221111e-03
2.081382255063043279e-02
4.118078134101598592e-03
-1.095244645882696363e-02
-2.996246891771586762e-02
-8.493672551841295604e-03
-2.538757886323654567e-02
-4.166868855984176556e-02
-2.476234588815293819e-02
-5.574567030311806254e-02
-9.107373518692718495e-02
-9.588541520459686884e-02
-6.410453753740619209e-02
-7.269278368482140484e-02
-3.681619535860854164e-02
-1.226290587517848280e-03
1.805389494300166028e-02
2.046810092343495299e-03
-4.259886239757870730e-03
-2.765318385108569976e-02
-5.175212582793879690e-02
-4.198045791031371904e-02
-4.720913658091307336e-02
-1.935014675442931625e-02
8.967342971561294632e-03
2.554216357326013695e-02
2.497916351467530799e-02
3.587690736468659991e-02
3.235148536025650445e-02
1.723678860700870313e-02
-7.585698736666594139e-03
-4.142410878970714805e-02
-2.164927452608085903e-02
-2.998778397133318799e-02
-2.409379946932699995e-02
-2.873040258539956079e-02
3.019623475738444224e-03
-2.833659337540512038e-02
-1.423227603777582270e-02
1.437376086196285110e-02
2.150761221451178914e-02
1.435817197214703245e-02
4.882013081299572260e-03
-3.459015708836515879e-02
-2.909766410434018458e-02
-1.218109425050291003e-02
-4.578472998378456393e-03
1.622582678339572551e-02
2.025536531999840711e-02
-1.802808047390263430e-02
-2.737684648057467710e-02
-2.081110191212963770e-02
-1.094087110955964219e-02
2.635375202411989470e-02
3.289391489018091141e-02
5.118676708297809075e-02
2.616717892769986065e-02
3.134097513462974494e-02
-3.627575933456741661e-03
3.842024298635520699e-03
-1.612104402699821026e-02
-7.926926062246611449e-03
-4.019412378566171451e-03
2.330800643087266658e-03
-2.747595939364731212e-03
2.775962733146098566e-02
4.192306004967848859e-02
1.619665088238228870e-02
8.320388028317252799e-03
-1.242761297811974253e-02
-1.411802205465837248e-02
-3.181173935167954520e-02
-3.773762016639631289e-02
-9.104637258620070298e-03
-1.629092996502491675e-02
-3.314380715916735720e-02
-1.881255450568446869e-02
-1.320914429130594023e-02
-3.395262575062241162e-02
-2.493450782212918056e-03
-1.652668692096154537e-02
-3.013809037634524249e-02
-2.695706944674061342e-02
-3.584385177402621414e-02
-3.842143721348035418e-02
-1.049317288631964988e-02
1.539910252468609277e-02
1.431364913564263722e-02
5.157869902751461427e-02
5.759115068786238578e-02
4.811372665714743618e-02
1.141629184785040475e-02
3.352453052780691306e-02
7.785968099160047243e-03
-1.249011904986177708e-02
-4.860025745107802303e-03
-2.609836306414632309e-03
-2.355384202050550199e-02
-3.370942340802093873e-02
-1.590998313331725908e-02
-4.221292831686313668e-02
-2.561871252895793483e-02
-6.967344238433261297e-03
2.121331181855728998e-03
9.196183911311609643e-03
1.726065645968482762e-02
1.039855735830282762e-02
-7.247352554796691534e-03
7.143962995630338819e-03
9.480483449166562937e-03
5.688434503890194352e-03
-3.957489132707403892e-03
2.778660559853872100e-03
-8.838224733557606579e-04
-2.059834369684370586e-02
1.331420573668095492e-03
-1.429956136562793648e-03
5.227261973509209417e-03
1.208361759626895744e-02
2.985077101133042088e-02
3.085324773100677626e-02
4.521700553686545249e-02
3.697785892017039361e-02
3.821793355767984929e-02
2.399203039942900476e-02
8.503136230621452171e-03
3.092375728143856480e-03
1.953587605582634071e-03
-8.353452051085981725e-03
3.085880641851041981e-03
-1.051316853664090861e-03
1.536521257257804016e-02
1.298094700298479953e-02
2.309167611215053040e-02
1.403004132859603237e-02
1.296374403980744133e-02
7.806600266313491569e-03
1.497566689715991439e-02
2.678546451288209632e-02
2.586273322696777677e-02
4.768694636840132423e-02
5.258764818620079162e-02
4.439802612205952931e-02
3.121916679413280771e-02
3.796537168334444823e-02
2.766214494571838517e-02
1.557013427598810326e-02
2.705327443332467691e-02
1.755900539931714785e-02
1.158383669568060874e-02
1.334942116242162843e-02
6.689288197055864513e-03
-8.769580302462680679e-03
-1.525273133789681324e-02
6.324605180290390760e-03
1.549853312258750102e-02
1.952952736126210842e-02
2.676661580710803026e-02
4.835813879151283634e-02
3.562774095062285623e-02
1.995022596136632534e-02
2.517422911353514245e-02
1.875509648255484912e-02
7.588703886845206241e-03
-1.110634064980805906e-02
-1.107708907510380689e-02
1.109580203630739642e-02
9.480537842027205592e-03
-1.214318687113138777e-03
7.174923902556451169e-03
9.104731064306826813e-03
-2.016865177688595065e-02
-3.625733784310085361e-02
-3.492686730635021636e-02
-3.997185773535037734e-02
-5.736275578505661832e-02
-5.232553713824724534e-02
-3.748092132049249403e-02
-2.517396808731866414e-02
-5.221869571124734821e-03
-7.952980569646845438e-03
-7.715726736386898515e-03
2.180568791831786687e-02
6.654058812611364504e-03
-7.982591847059031243e-03
7.524465088851427230e-03
3.517796579303083052e-04
-1.105154899603716552e-02
-2.772796930385669663e-03
-4.241718225538595836e-03
-2.024295141514570115e-02
-9.315505410622992172e-03
-4.731788266272637933e-02
-4.057216992144647982e-02
-5.126959008396134165e-02
-3.718169480916957981e-02
-4.658316678916493703e-02
-1.606180214358437705e-02
-3.107252390639865525e-02
-2.733404650393143551e-02
-1.487881185280221820e-02
-3.894684269331687848e-02
-3.861854469423212782e-02
-1.945040341355331118e-02
-2.818178897853860707e-02
-3.592249829685955492e-02
-3.597079592996711619e-03
-4.729696298952530513e-03
-8.306549975664635765e-03
8.911258017794429151e-03
-2.414274626795772510e-03
-1.646739701725259686e-02
-3.523656370626632173e-02
-3.229094278904922483e-02
-1.161098588498802112e-02
1.128945951594726403e-02
2.249742614614486796e-03
3.892455793861508695e-02
1.829027754973001907e-02
6.344089531685998852e-03
-8.231981628205388077e-03
1.292674773425573319e-02
1.108273587006687079e-02
1.386088999294931602e-02
1.897038543223589918e-02
2.934508863814204102e-02
2.637574013518063226e-02
1.558303100158232868e-03
9.376655027953182536e-04
-2.496093018281105372e-03
5.654838014964816417e-03
2.341349790919042620e-02
3.031676842188051058e-02
4.542082893378179831e-02
4.191101832393203525e-02
2.291405616879534785e-02
1.549821761142273178e-03
-1.191058102235862531e-02
-2.330563444700590320e-02
-2.820209475238283012e-02
-4.043178659685221776e-02
-3.343586234108846672e-02
-1.607567456962244457e-02
-1.489867503834185758e-02
-6.284557426762853866e-03
-5.766547867697922533e-03
-2.504707181649368231e-02
-3.096097968596884728e-02
-4.222793549937339797e-02
-4.089639607711311603e-02
-1.197826061448731792e-02
1.483017045402256796e-02
2.409101283070119379e-02
3.245266856687541168e-02
2.457735384546325813e-02
-1.346743016055446107e-03
1.046559716580786926e-02
1.237273943393372641e-02
2.731556163240307644e-02
3.691707732111886020e-02
3.856025815386895927e-02
1.804107517506711028e-02
1.427520550861673468e-02
4.928617128414012651e-03
1.263454204060508040e-02
3.003000272575648624e-02
3.168240694588270873e-02
2.510692524478629409e-02
2.289546879341942606e-02
9.343936709207545724e-03
-1.006303971139394134e-02
-9.396204625311099790e-03
-1.359322258753221588e-02
-6.805014267293815408e-03
-2.140164380478285638e-02
-2.577931422360638103e-02
-3.374826823798922348e-02
-2.895178586903458112e-02
-4.395044121813448251e-02
-3.433352887557462180e-02
3.584130067915743817e-03
9.684459184994043818e-03
3.625132469885369857e-03
3.176493119838778162e-02
3.559835590180505938e-02
3.191870085367717880e-02
2.827926340408705441e-02
4.710845915979323256e-02
1.407691301768812520e-02
1.268712465116071143e-02
-9.885558873343330832e-03
-3.538729407390658541e-03
-3.589462780597747760e-02
-1.520365121380073264e-02
-2.667985916637312382e-02
-3.053896005801231758e-02
-3.417910089883451075e-02
-1.810788895057694955e-02
-1.409689502498044124e-02
-7.737183741751791841e-04
-3.064988079058954956e-03
-2.184142459637477759e-02
-2.314129966653823839e-02
-3.346986531034835954e-02
-3.272654451097941480e-02
-7.816497532933402645e-03
2.417195103746305057e-02
4.976372044887550361e-02
5.345001627506325292e-02
4.922127629198033011e-02
3.533311886285692843e-02
1.663810140383824299e-02
8.020843636393118481e-03
-7.763322810250026379e-03
-9.071399028441104462e-03
-1.929577203492469778e-02
-2.908950458905910225e-03
-1.203543635717749770e-02
1.314057178119768486e-02
8.708483721930414256e-03
1.494880436560474743e-02
4.982878495622589457e-03
-1.233929286735826331e-02
-3.297767484196123533e-02
-3.743959438861473726e-02
-3.562375106255279145e-02
-3.494695311875025551e-02
-8.411976146742890237e-04
2.998359220551019555e-02
5.349221044420376936e-02
5.411320578226225253e-02
6.238745132676083716e-02
5.904822852818694678e-02
3.962700415475148980e-02
2.908175872447246735e-02
1.796265926157580503e-02
1.915502118079830812e-02
8.420903716316208154e-03
7.347495943765625440e-03
9.716030628803109040e-04
1.709458628263607269e-02
1.523094665991050513e-02
8.578365962464178790e-03
7.958191988189622021e-03
9.796621007509206946e-03
1.182358601565840737e-02
2.048717785862046517e-02
2.181975752396708018e-02
3.048684432091429419e-02
4.090273001574145501e-02
5.866787277079214824e-02
2.998897278262028718e-02
2.058248484281393481e-02
2.524020014264628103e-02
3.050352525282069849e-02
1.587467356875966323e-02
3.483182036436439227e-02
7.255892791064533220e-02
5.019539945712105100e-02
2.678273652622670253e-02
2.445776268676813289e-02
2.446550864264680075e-02
1.055958131592009235e-02
2.608110779318955491e-02
8.753009374316125801e-03
2.932702504181334408e-03
2.417449524771925554e-02
-4.996001145795054763e-03
-1.567036689812579403e-02
-1.076008658598332467e-02
1.057955736482448991e-03
1.222584070114416527e-03
7.098969100489580311e-03
1.453356319307507610e-02
5.806562995155949147e-02
4.760100964250969097e-02
2.393545589345746211e-02
3.949318019853557959e-02
1.644676650157785372e-02
3.098878930007648719e-02
1.941853096733197476e-02
-3.417371134422029708e-03
9.613247397317925200e-03
1.834181901063535597e-02
-1.374309264119849203e-02
-1.626604098233378273e-02
2.258059853272526354e-02
2.831591805929093916e-04
1.909151931426610049e-02
1.635634803529226189e-04
1.880485460044329510e-02
2.207676250970887905e-02
2.324848693705916514e-03
-1.886405633991377478e-02
2.188517507331982220e-02
1.917563819687164925e-02
-8.775103063194322414e-04
2.466440092319796898e-02
5.852552434718091834e-02
3.474758342604854916e-02
5.671174027029288189e-02
5.807639065134534428e-02
5.262924100780849018e-02
2.543505634759232747e-02
3.393530789094972161e-02
2.232613358035091811e-02
-1.045362356895948239e-02
1.238127833326245139e-02
3.184387187819828768e-02
-3.451511375306220986e-03
-1.154259710071266903e-03
2.033017478538690428e-02
2.047877433411236184e-03
-2.400681245765984989e-02
4.801013875766542427e-03
-3.334310228691786393e-02
-3.826325619422123181e-02
-1.058827847154747426e-02
2.391576535563867331e-02
3.454189842924199061e-02
8.355984781404209027e-02
9.444467028189292013e-02
7.222770119001745148e-02
6.989022785359526313e-02
4.951849132306802154e-02
6.276998687278545486e-03
2.202700334302337692e-03
7.105852420836999972e-03
-2.458841126085490811e-02
-1.258591124849104889e-02
2.180906218579894626e-02
2.304381541863526409e-02
3.383591699489257865e-02
5.202719370873947619e-02
4.174405168642417868e-02
2.132770890081755327e-02
1.973785901770843884e-02
-1.085221158858403617e-02
1.808611597173241312e-02
2.851191419831625856e-02
2.357275130303533583e-02
5.691637513911258772e-02
7.646372355215753924e-02
3.996429934257867550e-02
5.517344644937043074e-02
5.788798906399893890e-02
3.567823723152765969e-02
3.839500464457108048e-02
4.132048922008887265e-02
3.458499670639857138e-02
-3.748656319780376001e-02
-3.534215523719229368e-02
-8.262435060342265825e-02
-7.203726976953525596e-02
-8.690863576376696431e-02
-6.378037370593991895e-02
-5.905195494269193518e-02
-6.430582832275372196e-02
-5.590969431059062550e-02
-9.601561547558047638e-02
-5.172401532299684274e-02
-6.733801015452854644e-02
1.885174513511198718e-02
-1.609930795034100401e-02
2.086816971486319880e-02
-3.618939411443083259e-02
-1.494397784255087347e-02
-3.624718004576278629e-02
-2.357875752612798373e-02
-3.324016657421175608e-03
4.472081318315267173e-02
4.195681988288918474e-02
2.273166940239807962e-03
-2.921123417521079638e-03
-3.153805173707458637e-02
1.517252998466987052e-02
3.324221404387874002e-02
5.869873592480911312e-02
8.349734998841515377e-02
9.091935621989831462e-02
5.916573340294844358e-02
4.521746860439498916e-02
1.837125660048960149e-02
2.619251389133375046e-02
2.536227685993254835e-02
3.184729321971731253e-02
1.362311301868827582e-02
3.412428259230704947e-02
9.773175942194109456e-03
2.682104690716987511e-02
8.074374537608767013e-03
1.040940200949493771e-02
1.221282171886910010e-02
7.922004602629673445e-03
-1.672210290491726176e-02
-3.203139017507693892e-02
-7.043442762736470963e-02
-6.345880354717307881e-02
-7.489237355690062103e-02
-3.900988323186817264e-02
2.351332514311187810e-02
4.276639545100198447e-02
3.758650602282726655e-02
1.139346932366911563e-02
-2.899085295242268337e-02
-6.062602680027914803e-02
-5.319307402586584410e-02
-3.778986837496030315e-02
1.615955622038669354e-02
1.077414953777764556e-02
2.561493177599265779e-03
1.750202674143946230e-02
-3.452740431317483094e-02
-4.556505665707373531e-02
-2.860058722680175816e-02
7.644966158798019440e-04
-8.896005591367229723e-03
1.083878528941925080e-02
-6.417149462982182570e-03
7.048712307766661495e-03
-2.008905840407303189e-02
-4.657282509809972451e-03
3.169287558775994718e-02
5.224622241401460920e-02
4.397589059080281998e-02
3.464235843873389453e-02
4.553361416721325022e-02
3.133296546178444830e-02
2.606987570227281559e-02
2.266708888665541419e-02
3.848705152585780997e-02
7.465043252340068311e-03
5.669121732515536999e-03
2.337172283367690978e-02
2.438529185012892203e-02
2.251097391235534761e-02
2.135144116914611603e-02
2.004946693133952129e-02
-4.138266855551542625e-04
-1.963334249298921697e-02
-1.696914623550202159e-02
-3.126507433367323868e-02
-4.434086709636312490e-02
-5.113336118171184219e-02
-4.257076694111563281e-02
-4.159326136268892693e-02
-9.405120265509585992e-03
2.642496870553585203e-03
2.676511365706551321e-02
4.158384102616658612e-02
4.037882604384027824e-02
3.834058344015939257e-02
2.551445185315692060e-02
1.985266903683186035e-02
1.863966966494953748e-02
-2.844259995417351000e-03
-6.886133569951341342e-03
-3.304692083061174651e-02
-2.045683291673673979e-02
-2.667374349897465302e-02
5.275091824170140969e-03
-1.099947221342974929e-02
8.015655622318724333e-03
-1.192617301907665517e-02
7.904955877015467161e-04
-1.906786958101356483e-02
-1.697333230902499032e-02
4.795664262226039323e-03
2.521886563752715610e-02
1.590449042686170600e-02
4.453393861459919306e-02
7.381262533092827760e-02
6.079576013421707920e-02
3.620624659360444086e-02
3.433969615717277074e-02
3.235447182787246773e-02
1.412897344153681706e-02
2.955246925736727814e-02
2.537067109988352248e-02
2.447566023160012427e-02
2.325539893444008785e-02
1.804932983398385704e-02
2.298408610603346579e-03
1.499600587001487413e-02
-2.702058397195599565e-03
-3.557319352642459437e-02
-2.338540242397934427e-02
-3.105132143267110012e-04
-8.823163612062177169e-03
6.928148568667891714e-03
1.076902874394296272e-02
6.725758899013844355e-03
-3.229172990051266956e-02
-2.154051168301854974e-02
4.677407058710556995e-03
3.316856408947667367e-02
2.988753438690765207e-02
4.745521666290772322e-02
4.675780467529253026e-02
3.694370054227880118e-02
1.995940563584269745e-02
2.617481614559563630e-02
1.229616835332840441e-03
-1.229388926287633757e-02
-3.281549503785886196e-03
-1.862918168463352855e-02
-2.355452515965808166e-02
-3.105641315225562624e-02
-3.566790348061774085e-04
-2.348811142794798162e-02
-9.228032332704211999e-03
-1.713815903022937459e-02
2.393318528561488162e-02
7.732919690822718465e-04
-3.263711847394042825e-03
-2.203392972731456345e-02
-4.150696685265556352e-02
-5.302753929122663162e-02
-2.801347251743313560e-02
-4.487814383741971919e-02
-3.148335541602076404e-02
-2.610122238584045712e-02
-6.706454221327340370e-02
-8.146285740374287210e-02
-5.844432403120823627e-02
-3.078304358925252476e-02
6.763387575370250621e-03
5.496907862598460204e-02
2.468235133078246213e-02
1.109392592412693571e-02
-4.803236032687502668e-03
8.450233953565849249e-03
-2.268054004555563642e-03
-5.904018203234901591e-03
3.788419219583659403e-02
3.042022594359240426e-02
1.393971334415354882e-02
1.374982254849197588e-02
3.227339773656273669e-02
-1.656163874173543875e-03
-1.257729592393701593e-02
-2.217658831803996297e-02
-4.910842295923204676e-03
1.408238268019331926e-02
2.875828124433327249e-02
3.143503241572869616e-02
3.357269492769189567e-02
-4.523701888086647388e-03
-2.128706468359325976e-02
-6.396469424419790051e-02
-5.733083385590596881e-02
-5.486987165165123359e-02
-2.511798714876046362e-02
-4.075947820012208039e-02
1.025178951765590499e-02
1.014058484902823076e-02
4.561739075132252401e-03
1.102764216904273190e-02
3.263052643984001161e-02
2.406209055516183790e-02
2.524847617858693577e-02
3.189289068063261290e-02
3.024266308033838474e-02
2.471508404276454365e-02
-1.280877044605145676e-03
-1.259319131531682137e-02
-4.422724783993454978e-02
-5.256281120972654958e-02
-7.609282693263606789e-02
-6.260542903246668622e-02
-4.266322676284017151e-02
8.217320824252121597e-03
8.176909241565522360e-03
3.907039205293761502e-02
4.238255056280128275e-02
2.761859283342688043e-02
8.879361557071675792e-03
-8.701556722178899195e-04
-6.011983875332850731e-03
-1.556591594525596686e-02
-5.901075507570888515e-03
-4.211973246890626799e-03
3.639295917964295579e-03
-2.781429373399052496e-02
-8.748133136780279762e-03
-7.333853188815200874e-03
-2.344192976830928796e-02
-2.220642205809086889e-03
2.618433089124717894e-02
9.446330774744054679e-03
-7.280166867818306173e-03
-1.016341359851203295e-02
-2.457540845805322033e-02
-2.556317083804286044e-02
2.764359779988258964e-03
2.560335614635654913e-02
4.167682993370884492e-02
3.910180747543039875e-02
4.380442188489251654e-02
2.370445225746091455e-02
1.170060399259052059e-02
2.257496034874955509e-02
2.681118825855735577e-02
2.670127122091893804e-02
2.672442837904091470e-02
2.994946428294372603e-02
1.251384122068359937e-02
-2.627470283927197531e-03
1.009049071263919822e-04
-7.043598451636311555e-03
1.365339380822373772e-03
-1.268993444998123971e-02
-1.256563037730288115e-03
3.069003956490753623e-03
2.555826203452990497e-02
1.652600633128471427e-02
2.877777816345572851e-02
2.637657782000491988e-02
9.927572217811098110e-03
-3.434664104918945526e-03
-1.671412005447661664e-02
-1.357186245709235926e-02
-3.259681163492606989e-03
6.747474221020370241e-03
2.596477953155078983e-03
2.241207573955475776e-02
1.423271314534434000e-02
-7.695695032897968864e-04
-4.389546362412965336e-03
-8.625693826762826852e-03
-1.784880084532105074e-02
-5.386596342573742383e-03
5.258959033578952669e-03
4.996395146371807733e-03
1.005608233455676861e-02
3.401606115744061631e-03
3.032626894562699162e-03
-4.335457480408432679e-03
-6.188432874893267863e-03
5.683808116463913429e-03
2.040658249917701866e-02
1.775098626485108536e-02
2.051229638093077928e-02
2.176740515003653537e-02
4.211637580426324905e-03
-3.541518796987937895e-03
-1.924922619950663466e-02
-3.158349290475200716e-02
-2.517863254937104805e-02
-4.916527072580363644e-02
-2.247964283802596566e-02
-1.043261129834360812e-02
3.545198418793643700e-03
5.381906833635135418e-03
3.588615994985447366e-02
1.261497218026046141e-02
1.884865379731908569e-02
1.570527152912495547e-02
1.758123665157008964e-02
1.431445453072451718e-02
1.879107551542929383e-02
4.612688749296861741e-03
5.186975754189677643e-03
-8.138909667711099680e-03
-7.402268599399817149e-03
-8.790732173673605765e-03
9.450582457136843043e-03
1.238081547332407252e-02
1.389533262661950958e-02
1.570081639785852676e-02
1.465697893516143546e-02
5.127735611105907650e-03
3.834786882110979931e-03
1.475522766338300748e-02
1.768782042220510414e-02
1.305786135416871219e-02
8.819851323731892068e-03
1.750339581363585806e-02
2.556546283482195175e-02
1.602378166783365726e-02
1.595595294604822481e-02
3.009696789958445085e-02
1.004980282609034027e-02
-6.453993169048015052e-04
-2.000089578362672892e-03
-5.283794455024445717e-03
-4.446646678252215434e-02
-3.264123623458723561e-02
-2.606785695784834267e-02
-2.438930477929910495e-02
-3.070296054005983155e-02
-1.175704866823398115e-02
-2.632277821529776726e-02
-6.194124142793688836e-02
-4.604647230321129436e-02
-5.655825104559364380e-02
-6.309153155847284367e-02
-1.245055566372272465e-02
-8.892189031033836955e-03
8.077537893062491231e-03
2.681658311388621097e-02
5.091805826704258464e-02
1.819654869709458334e-02
3.488948559520494569e-02
2.329499520735688056e-02
3.372320303747372572e-02
7.081374231162086696e-02
9.145572840128031455e-02
9.971365751006196210e-02
7.661913105576190208e-02
7.515729777143936863e-02
2.209925070250665785e-02
1.539689136230006083e-02
1.521841318344453915e-02
3.512450356411458974e-02
3.552469638765816395e-02
1.145178091884391930e-02
1.276274069522109755e-02
5.318098045779292952e-03
-5.299523503208023421e-03
-7.651495797959098448e-03
2.523696724504584030e-02
2.275970817375540071e-03
-2.330817782088693939e-03
