-1.042785394991812067e-02
-1.286822706111858533e-02
5.268636697902250032e-03
4.740213028327533093e-03
1.140776649935435795e-02
-1.111914662294361152e-03
2.321959674973693433e-03
-1.174942817733391071e-02
-1.159005669754230132e-02
-1.062311821364857189e-02
-1.000260769289652157e-02
-8.499649555535422965e-03
3.094252525676945576e-03
-6.061932250148172052e-05
3.553593125485913617e-03
1.731266939687224615e-02
1.249749201482582006e-02
1.243143549125040256e-02
9.343327535894504349e-03
1.061533478661876202e-02
-1.972062776071794622e-03
-6.301419720298379913e-04
-6.663075152562373399e-03
-2.082491489329115972e-02
-2.961326552890685207e-02
-3.055020142201488043e-02
-2.396947753197831155e-02
-3.203723805666450902e-02
-1.077862139077479312e-02
-1.189678514126642217e-02
-1.682327530110559743e-02
-3.348386469121758524e-02
-1.595366978901089847e-02
-1.853150645399678775e-02
-1.427055088605468786e-02
-3.424115230158940662e-03
6.038625034509980533e-04
9.277233415173181605e-03
6.883943337665987192e-03
4.612553349319887391e-03
1.331605644619169790e-02
2.695919063757299186e-02
6.583133256272940062e-03
1.127595765513225712e-02
2.023653164399247945e-02
1.733072431934974678e-02
1.936115606958149771e-02
3.872300423373671585e-02
2.850390287012248558e-02
1.803880475794895563e-02
1.289712501360161870e-02
1.450983389659670289e-03
-1.763734371858534725e-03
4.272526571207393466e-03
5.721413896240511339e-03
1.140810931396166183e-02
1.404825296345272104e-02
7.600092436537369753e-03
3.059559467482269798e-03
4.643020471745978525e-03
1.083659383584616685e-02
1.441439624151921901e-02
8.134200213828561912e-03
1.524752012107122127e-02
1.010980601292186219e-02
6.915351622604133316e-03
4.445723545834041543e-03
1.557790142225541630e-02
1.356460928000111608e-02
1.369236094112186858e-02
1.757984630898028894e-03
6.442000366906392231e-03
-4.434453352162595619e-03
-7.418663027925171544e-03
-7.881063964150836210e-03
-1.086084517740222924e-02
-1.015031513365736472e-02
1.927865721995386181e-03
3.248756296084010821e-03
6.888391665482787585e-03
1.687320819811705466e-02
1.256990808948226651e-02
-1.348243705965220581e-03
6.523179248451911431e-03
7.314915212428030854e-03
-5.591240740788757518e-03
-4.832678724904782008e-03
6.850392004394723587e-03
-3.224100526252772622e-04
3.682089974293757586e-03
9.906441205788395210e-03
1.431194875280649911e-02
-9.086882762278074982e-04
2.839857017418535683e-03
1.792318066026383355e-02
5.745870934426999463e-03
4.590243363898238727e-03
5.819126690055219549e-03
-1.256211476163216281e-02
-3.986388770182716645e-02
-2.843678833125189501e-02
-2.741589709008724132e-02
-1.518896117337876182e-02
4.371993407277690105e-03
1.262167095599919971e-02
2.342192227906584462e-02
1.361088582158705325e-02
4.695855458734699180e-03
5.303682716045002039e-04
-4.662715448142899961e-03
-1.418879637275443500e-02
-1.483302643121593191e-02
-2.225589851863319507e-02
-3.324754500030166482e-02
-2.658749138625318698e-02
-1.686236483696497770e-02
-8.416906483179673396e-03
1.652338987561441722e-02
3.610117503488430302e-02
3.386709551270179058e-02
2.680387521987348531e-02
2.451285181845705083e-02
8.292708765054909378e-03
3.723838664972213726e-03
-1.204652486767337875e-03
-6.715204841585382771e-03
-1.035578393126561705e-02
-1.131994177017377375e-02
-2.615263032669604831e-02
-2.106533826480839339e-02
-2.798933270679936774e-02
-1.581282200972609561e-02
-1.596967363109570714e-02
-2.376235135639723824e-03
5.270765051279741042e-03
2.366549323299449101e-02
1.587219191262035853e-02
1.147123820398918484e-02
9.631735513963724654e-04
-2.186206440009288293e-02
-2.921190564631279823e-02
-2.574301361362229396e-02
-1.835076801239998029e-02
-1.809340332361958695e-02
-1.268855189912278594e-02
-9.117609250236871632e-03
-1.360228772335130704e-02
-5.623043402944330471e-02
-4.316320797084144401e-02
-4.215237786675894022e-02
-9.277532218065275005e-02
-7.421709007033748529e-02
-2.396185186553059093e-02
-4.695264609770838371e-02
-5.260456053732255610e-02
-1.044243248286919057e-02
-1.587233499306356030e-02
-1.457066321391350776e-02
5.916072978598245491e-03
3.592204483044214580e-02
5.788942571111335006e-02
5.837656183637354029e-02
4.421041421242031394e-02
4.247489345415809275e-02
4.162052583059489691e-02
1.314374287949272857e-02
3.876820476466758848e-03
3.448735348309552723e-03
2.158029132249884505e-02
1.436581921404282529e-02
1.864733978981515661e-02
1.813458613340171097e-02
3.165801214836548583e-02
1.250692260558617513e-04
-1.553040989173766831e-02
2.720324380103921955e-03
1.746240070794600249e-03
-1.056258173175528628e-04
5.670140061007879900e-03
1.221771725086197823e-02
1.108472803358716676e-03
-1.814378092496072388e-03
-1.114176429585436549e-02
-9.379859682151150610e-03
9.880943697522025920e-03
9.227646405093412746e-04
6.320739545654147432e-03
1.412858462642708340e-02
2.437646854243690625e-02
2.007011215797558160e-03
2.555757199754981820e-02
2.277053689564952771e-02
1.104649199018701081e-02
7.985217359815735549e-03
1.845133366772112871e-02
-1.498553876366076620e-04
-6.147959894654281797e-03
3.125254969255605517e-03
4.969801828021002711e-03
8.347391397364330688e-04
5.052676073733991004e-03
1.593113602351701671e-03
1.379257151848570662e-03
-5.900591012987146250e-03
-9.401029302696071316e-03
-1.611670948394768044e-03
6.973689623571837325e-03
1.022471715451890063e-02
9.537377725936898795e-03
1.053277101602306288e-02
-7.706285789561685348e-03
-1.209264087977123675e-02
-2.431602973048126518e-02
-2.138326455590387060e-02
-1.170657433852384695e-02
6.018476728343459363e-04
9.434569952454039538e-03
2.511645405091874478e-02
3.009344176364910084e-02
2.351994637473324781e-02
2.103473314108552858e-02
8.044048710315793854e-03
3.631706317712901297e-03
2.273996007027278849e-03
-7.459764577946116984e-03
-9.130366537430167212e-03
-3.075258240878033650e-03
-5.282096353472055458e-03
-1.155504490911488449e-02
-4.920073460522682122e-03
3.889874823726963138e-03
-4.704368894973319851e-03
-8.994005082560211500e-03
-2.056525755530320618e-03
4.481765322889643376e-03
-1.109859864803466184e-03
1.104949777452575617e-02
1.619529296906289245e-02
6.641909117861662798e-03
9.328097671504572905e-03
3.769293768066424646e-03
7.162023810667438560e-03
-4.055102203617917331e-04
-2.624673422771114234e-03
-1.445064223997040431e-02
1.421106233492354029e-03
2.995969802795679995e-03
8.539444685748662917e-03
1.452391692759183450e-02
2.101069827450704336e-02
8.657063602198245694e-03
-2.073181980504070626e-03
-3.078530896437249413e-03
-1.067676366875873126e-02
-1.522863313891425693e-02
-1.689277539405534267e-02
-1.358158039596440124e-02
-1.031111891880095131e-02
-7.181631070827596344e-03
-5.840626279718486025e-03
-1.403646376412169593e-03
5.258073426301611026e-04
2.328973028304362133e-04
1.110098466076770221e-02
2.410453864613206626e-02
1.970335785069808610e-02
1.524397857622249164e-02
7.741510880397456384e-03
-3.477514613279440378e-04
-1.315227112380184041e-02
-2.251657513646120740e-02
-6.868657505703375243e-03
-5.778175909142194665e-04
5.001976139897110381e-03
-4.587640069191485474e-03
7.629971286239947692e-03
-8.258544214276084330e-03
-2.217869541082834184e-02
-1.622412990982410527e-02
-6.218195275035220439e-03
-8.357127258063900763e-03
-7.244091004139249085e-03
9.739094344447894042e-03
1.468597517051211830e-03
-7.080820215974075252e-03
-1.184706560087020813e-04
-1.543084968650827206e-03
-1.052719337155315696e-02
-6.186076479745470334e-03
6.874159013644761014e-03
7.051572039482941097e-03
1.160316222134968010e-02
1.561747511839933419e-02
1.356512755597844705e-02
5.095307301623275276e-03
-8.177273443352254742e-03
-1.757721262182531524e-02
-1.858883565374567712e-02
-1.748293660500880101e-02
-1.392550461100177002e-02
-3.884334980306937760e-03
-2.209593487543905568e-03
-7.490671729157561548e-03
-6.119148266293847685e-03
-7.103673811528010175e-03
-1.048258734069928456e-02
-1.290648129022453454e-02
-3.223219422768109407e-03
1.078038889249931243e-02
1.687053241499226336e-02
2.423198429948986848e-02
2.712315619853378559e-02
1.871164527930045673e-02
4.049710932384048209e-03
-6.441355645435485611e-03
-7.500365842711223877e-03
-3.453914463723097884e-03
2.661621095727647462e-03
-2.540275374671828110e-03
4.023345799350144456e-03
-3.993674487287973002e-03
-1.775883917437982807e-03
-1.152539259859453914e-02
-9.210630658812146362e-03
-1.271670816713901982e-02
-9.171658645307875779e-03
-9.944628452360446472e-03
-5.772045637478908156e-03
-1.259997011175106180e-02
-9.138836572781352738e-03
-4.999738714621610250e-03
-1.452854073362288764e-02
-1.031374761376438465e-02
-1.280134377192267831e-02
-1.970986600257475241e-02
-2.578315609517108087e-02
-3.112043532293063894e-02
-2.054756782297403883e-02
-1.119332407888980890e-02
-2.289933709004771632e-03
-4.813897996014132423e-03
2.042323993773867419e-03
-1.308070221296982194e-03
-3.731887717515359332e-04
1.795236634068448321e-03
1.431128812863637946e-02
1.257016590357829498e-02
-5.092901043005873540e-03
-5.427213538708008066e-03
-1.445279863624782113e-02
-3.139234835711772476e-02
-3.276709302526148448e-02
-1.264059380830370206e-02
-2.797250633673424927e-02
-3.119731304962698390e-02
-2.212595359928030969e-02
-3.420863308733556457e-02
-3.548571508769593486e-02
-3.925929333070395100e-02
-1.769956157658251344e-02
-1.555326836185585287e-03
2.261131201944722308e-02
1.140595948359723368e-02
2.131328100159965086e-02
-8.603057633680015470e-03
-3.236185420889327313e-02
-1.147113909899565021e-02
-6.497828129012686582e-05
1.717384293946646809e-02
3.095293650946292011e-02
4.091843588026573136e-02
1.470613161935586596e-02
1.640619594727061453e-02
8.493504557110538936e-03
1.420366244161765622e-02
2.112370649143435752e-02
2.175634017537833587e-02
2.141231820166124289e-02
1.620851299228465159e-02
9.075002388341564183e-03
-5.175931499725522182e-03
-8.441845644828794432e-03
-2.051756234012612826e-02
-2.043020694039598614e-02
-1.455340547280194359e-02
-5.425601524362862541e-03
-1.428389391732946476e-02
-5.541083214230044761e-03
-9.855818369990144989e-03
-3.647622565969548675e-03
-1.039360817420938166e-02
1.756119258804833203e-02
9.143901938397574342e-03
1.321544514718794167e-02
1.953422704310715449e-03
1.467939711474689629e-02
-8.838163861561589008e-03
-1.649381059636879227e-02
-1.837516586133488422e-02
-2.559922085203662767e-02
-3.987601078743645971e-02
-4.228792132149842425e-02
-3.355909276144279640e-02
-2.127501379732577719e-02
-2.519411728827522512e-02
-1.531467442114945073e-02
2.370846938167204317e-03
3.540450477203471724e-03
-5.766137028564459130e-03
-1.045532299170757323e-02
-1.388815941909881529e-02
-2.893162301206258016e-02
-3.484127528944479246e-02
-2.265064139190034811e-02
6.712133632123062563e-03
1.646249138039714704e-02
2.746303051054541089e-02
3.166884276613165378e-02
2.898167429477738199e-02
1.021854348559273276e-02
2.700979580357720268e-03
1.264595368754431806e-02
1.124169486904406240e-02
-4.651804040886175357e-04
1.506887224964311052e-02
2.760106423030494333e-03
-8.512647021776243925e-03
6.362769240881088403e-03
3.655113110715459135e-04
6.305009298208923141e-03
1.283525080755088497e-02
2.279068319177111196e-02
-1.315400277949480695e-03
-4.984133862921697605e-04
-2.717626547257444292e-02
-2.244527124184055727e-02
-3.456889318581535947e-02
-2.556335666982316804e-02
-1.297087338195796608e-03
8.974392846523333508e-03
2.411156598547674335e-03
1.231033426873872315e-02
1.995352129143396908e-02
1.023074023049428891e-02
1.377280425366295830e-02
8.559427388362581338e-03
-8.648254842197069213e-04
7.122428633409698048e-03
8.397298481530236780e-03
1.387754694509745965e-02
1.879168152051392121e-02
7.293978480634210823e-03
-9.861933738144774281e-04
-1.120114649053534882e-02
-1.974751785773660312e-02
-2.698321402762653837e-02
-1.917716257599644605e-02
-1.748462860944655778e-02
-1.867156536741850642e-02
-2.464386236398382127e-02
-1.371843847517265763e-03
5.641212020596250883e-03
4.350244497199138704e-04
1.340547055964930179e-02
2.794583003306870192e-02
1.531721869778828599e-02
3.922058036171740050e-03
7.852037821349775598e-03
9.592341406322927450e-03
8.772024476681457988e-03
8.710135622826109189e-03
2.023727894792152343e-02
1.224465185752029138e-02
2.614807830738841675e-03
-1.952871402670173151e-03
4.227594872335132831e-04
7.477766970294592343e-04
-2.809860564084759767e-03
-3.859256792266467853e-03
-4.440630827473318262e-03
-7.931772896208380205e-03
-1.674656071989458206e-02
-1.062459168435813187e-02
-8.391105491100673414e-03
-1.402710835184778695e-02
-8.393035186204210116e-03
-2.434073658776707370e-03
-6.653808100369303785e-03
-6.022621718931755845e-03
-1.124296407737254526e-02
-2.666642396601215034e-02
-1.736382406499666076e-02
-1.796789048105441530e-02
-2.320898480308876410e-02
-1.178672022313888117e-02
-1.775775484244642571e-02
-3.103409859112016278e-02
-1.607897958442690289e-02
-1.198541493104495793e-02
-6.887959117438100833e-03
-5.765266543681143302e-03
1.064320550311483125e-03
4.140288260878213777e-03
-1.619538616567731820e-02
-1.328294524403646204e-02
-8.156384606650815550e-03
-6.867027867817874359e-03
-1.378548947085439860e-02
5.024902293051436777e-03
-1.816962770877441485e-02
-7.250292464713972360e-03
-2.052404937582575500e-02
-2.713280300093652911e-02
-3.247947135987205164e-02
-2.096760663319313656e-02
-2.761116862260426519e-02
3.310875118678370532e-03
-8.392682501571421816e-04
4.026960290516900381e-02
4.611697550178398691e-02
5.955238068349925223e-02
4.043394041553915325e-02
4.266757677966838413e-02
6.784384819355929533e-03
1.582250409872316271e-02
9.168925380241207956e-03
1.075577662271736193e-02
9.297193001838044077e-03
9.692245289834210825e-03
-3.394312132401474790e-03
5.550719250779422367e-03
1.227894736320358018e-02
3.212770046247492156e-02
3.296667676537565900e-02
2.338604403561553302e-02
1.247090620686488495e-02
5.269880449361623656e-03
-1.300628143879572172e-02
-3.362704034888886265e-03
9.881553042391792718e-03
2.746506125562748687e-03
9.643262891654000302e-03
1.136158998926180275e-02
1.418206307292224980e-02
9.254224400063468595e-03
1.692354617860208910e-02
-7.296857141601640478e-04
9.744460158256961282e-04
-1.445032888828538982e-02
-1.062987983773038339e-02
-1.590695847801625387e-02
-6.541447833832817610e-03
-4.366522913084730506e-04
4.504630793892909664e-03
-1.647995779943300888e-03
7.439053622607608857e-04
-1.591235293527581453e-03
-9.283236817227261822e-03
-1.544704703651758777e-02
-9.469767580647351843e-03
2.430857143158566408e-03
1.559954388130049482e-02
1.648148652237294010e-02
1.595003987079690252e-02
2.214654988278177972e-02
1.685204436164772571e-02
4.426937825868459270e-03
1.351902785971521512e-02
1.461002303685286080e-02
7.945220194281236298e-03
8.024760674278836464e-03
1.250858830010180729e-02
8.380060515210983191e-03
1.691666614505201241e-02
1.587662282915511605e-02
1.418307048100304370e-02
1.851697743970520324e-02
6.460505335311322178e-03
6.204761058263518619e-03
6.151437968055714633e-04
6.470188627304719869e-04
-1.407539676877355567e-02
-7.959885556320664760e-03
-2.469018023223822772e-02
-1.326117892586134786e-02
-2.131154208938319805e-02
-9.889706452032151138e-03
-1.108645888060940526e-02
5.433811507576232977e-03
-6.713691592835193192e-03
1.716519752216219552e-03
-9.219178713691679721e-04
-9.238755606819466174e-04
-6.570734081982384373e-04
5.072355860192702404e-03
1.372416414235159282e-02
1.507126092643626576e-02
2.161926981153248009e-02
1.474547197441781338e-02
1.299102641213474747e-02
4.867768820040542163e-03
-5.009412137261255726e-03
-3.171128968156910165e-03
8.739545098687742913e-04
4.852650823775277178e-03
9.793230393042320903e-03
1.337824999807117610e-02
1.845630461229159913e-03
1.017233869134752215e-02
1.336792421021624697e-02
3.040829543144506035e-03
9.479304231539606093e-03
1.359124144237925345e-02
5.206946373326103161e-03
2.893575189761758617e-03
5.386771473461161169e-03
1.687887202450171539e-03
7.820021183127382966e-03
3.752526167603438025e-03
-4.445969411245398548e-04
5.926819887130287470e-03
8.428471206180593311e-03
4.234050226094310428e-03
7.746707122132476253e-03
1.149652701004863845e-02
3.753384061377818427e-03
-6.628573291708136396e-04
2.645056954458493374e-03
6.936765050896202302e-03
4.793182585449758115e-03
8.994872308351213597e-03
1.591214717721907076e-02
9.701522216048127922e-03
9.185088316052771734e-03
4.397012668128375164e-03
7.831705691230129995e-03
5.361625878530449849e-03
1.587110054398060792e-03
-1.015524837074803857e-02
-6.649743894226591706e-03
-1.261679308008407420e-02
-1.275368766920643125e-02
3.108969401693466306e-04
8.542309923577174474e-03
7.986844710732186534e-03
1.002679518546337190e-03
-4.298097836118529302e-03
-2.645710048456508673e-03
-1.517052577359190302e-02
-1.458649154347499942e-02
-9.029036203378243766e-03
-3.496042201313448970e-03
-1.548472267398173091e-02
8.348767529061515077e-03
9.976881583941913864e-03
1.657952334129839111e-02
1.540368941645059789e-02
2.621087707333423500e-02
1.609166967894758160e-02
1.760698453726175505e-02
1.823382798278330372e-02
1.974961220488848090e-02
1.244112792995314722e-02
1.338161476340998975e-02
1.040518889862451953e-02
3.442988450212155008e-03
6.315889361519378548e-03
4.800121303600310765e-03
-8.778685384823943158e-03
-1.160212062864779750e-02
-1.325781418945023299e-02
-1.839004405396967717e-02
-1.100137509120176563e-02
2.293543883342845802e-03
4.809822257505266298e-03
3.722595890208553991e-03
6.514866265385192354e-03
-6.980225965643857902e-03
-1.003859615444737882e-02
-7.208067402051897277e-03
-8.139872263478563005e-03
-1.982953719474855186e-02
-1.170147015747243641e-02
-7.246005044891068968e-03
-1.448018442638105210e-02
-1.739451939611224435e-02
-7.904744834335678677e-03
-6.766549840897298149e-03
-1.049709824950401799e-02
-1.026550019021519808e-02
-9.139452529137572032e-04
5.214101680288228159e-03
3.138340608250224373e-03
5.337450111114914672e-04
5.444055515612759681e-03
-4.414981534415097358e-04
-1.348041291036557177e-03
7.461019725239275042e-03
1.371678072562935308e-02
1.352850869336634856e-02
1.720082386063811683e-02
9.708996162981771427e-03
-1.275997265246834114e-03
-1.258745021810134257e-02
-5.308541036500397277e-03
6.952304277424829933e-03
-1.119085493306082313e-03
6.270765785191375653e-03
1.082109110980960381e-02
6.236959991768356928e-03
2.398833900590088136e-03
1.224129587604512459e-02
1.052809333841977363e-02
1.683415006248086682e-02
1.556470122701205869e-02
4.134692354392996427e-03
1.385944109832189242e-02
6.348068253344770623e-03
5.766494904655384505e-04
2.726766379276951684e-04
5.069281362948331246e-03
-6.714261555808972645e-03
2.207213742866199948e-03
2.604355473436570367e-03
-3.884457586374337121e-03
-9.085368426993856855e-05
3.997688801560674715e-03
-1.329798125265684201e-03
6.060562597891698197e-03
1.385993420814647138e-02
-1.277069091364362724e-04
-6.588055957571181849e-03
-3.688562524224578507e-03
-8.863239412342651530e-03
-1.453709918745256166e-02
-4.277950538785433784e-03
-7.661074457290343318e-04
6.110790422946465669e-05
3.718442355983620374e-03
6.716967113744501568e-03
1.069100941879063890e-02
1.942987657191377893e-02
1.862025698482301997e-02
1.001926056520004854e-02
1.284956664007518880e-02
1.425849753032072675e-02
7.518298518986014402e-03
3.114844654547601743e-03
5.706235346639675771e-03
2.999640006749694152e-05
-4.610278304661326321e-03
-1.283999260919376460e-03
4.921930236774490347e-03
1.255855332221169490e-02
1.830598997309417636e-02
1.660457397160270201e-02
1.253021259611196252e-02
1.385932606767562025e-02
1.135075503420478193e-02
1.012436596590464422e-02
7.497278778218403363e-03
7.232588874733094850e-03
-1.527196729788280350e-03
-2.488473801172437147e-03
-3.011861239434876231e-03
7.121594132204714378e-03
4.617808786774967381e-03
9.652584460146215045e-03
-2.729810431922640931e-03
-7.200936165949083263e-03
-1.512068130128277864e-02
-8.668669561832003170e-03
-1.981424576626332479e-03
2.583236595090114378e-03
8.196136404736339628e-03
8.379813988674222197e-03
1.355553983358596948e-02
2.941592461330115853e-03
1.200619138988271578e-02
1.102730238675935122e-02
1.256961786665726152e-02
1.275996708687190690e-03
-2.036487500676866305e-04
-5.169485332912035318e-03
-1.064702103754049285e-02
-1.198418917815360051e-02
-5.084485728395560580e-03
4.150903372846742254e-03
1.280378023847931861e-03
4.843005624704402844e-03
1.155038105913863689e-02
5.055476540051440787e-03
-1.623428626969395782e-03
1.743274285077998052e-03
-1.012114582656497251e-02
-1.639044851920937532e-02
-1.996318219147327766e-02
-1.620443954161175648e-02
-1.085760195749088663e-02
-5.588091071400736777e-04
-2.237297858828695730e-03
-8.611015729605486779e-03
-1.025524067206864433e-02
-8.487628522388801153e-03
-8.448797331937497532e-03
-9.981261183381944999e-03
-2.328790916706240718e-03
4.547768761821958591e-03
3.545264829765683474e-03
2.370511920845469814e-03
1.062939225498899312e-02
1.660035156224358779e-02
6.974670824145018377e-03
1.009395376205360177e-02
1.925812472858753899e-02
1.606859241556127596e-02
1.710986595294734791e-02
1.795013536777862254e-02
1.495249464966717790e-02
6.597451132052073106e-03
5.001397856737257834e-03
6.854682234330779569e-03
7.665108930100547266e-03
-3.053465617807217276e-03
2.018517351298741453e-04
3.023368647918131709e-03
-1.666154436983019200e-03
-4.372905504714317063e-03
5.925545212785369997e-03
1.209494308280322991e-02
1.413118212072090457e-02
2.169950183412744371e-02
2.063106955527567454e-02
1.872343988290669364e-02
6.615879147673303998e-03
4.251158563525873641e-04
-9.071858652344173823e-03
-5.437398716821540030e-03
-5.588828264456313297e-03
9.617285168485327409e-04
1.472323523148231540e-03
4.136362488286854724e-03
9.693051628972174094e-03
9.045018088818058966e-03
8.950760468205257864e-03
8.339983555067591314e-03
5.919679020299665334e-03
7.871497006209972076e-04
-1.190791205649115170e-02
-1.200889811632425974e-02
-9.302392662313516136e-03
-7.022889069781570320e-03
-1.566184116754424857e-02
3.405662641649707598e-04
-7.915321847569590369e-03
-1.305569958139040330e-02
-1.350682930719899685e-02
-3.889636723260155894e-03
-7.090887593639045618e-03
8.571918800618778507e-04
1.449903517057419058e-02
1.684105242646364436e-02
1.837048652269508003e-02
1.331438717172233818e-02
1.068157474936947890e-02
-1.556596702428984270e-03
-1.012184593535251850e-02
-1.553754100986473249e-02
-9.890801143761743242e-03
-1.454473784644854870e-02
-1.506793182722627675e-02
-1.172350291212212112e-02
-4.697306674981154354e-03
-1.001840272564043406e-02
-4.301630323987758360e-04
5.705671659374089016e-03
1.593213362828167085e-02
1.229777896943866702e-02
1.181104877375229942e-02
1.132306805516285556e-02
1.734588524786865801e-02
8.505186049821287370e-03
7.458687592493087014e-03
1.641096898704361845e-02
1.809950573123906420e-02
5.156858660578009235e-03
6.394582072380758722e-03
1.027716636429607672e-02
3.740590622060421203e-03
3.620247194663405235e-04
5.213777035775634359e-03
9.128176675455512701e-03
9.372569377154041370e-03
1.000828890648353640e-02
9.201060352452281391e-03
9.851232796786053500e-03
5.249791084623140272e-03
1.847473001296552359e-03
4.321550059713453323e-03
2.837441893771176435e-03
-2.122582372961203181e-03
-2.234659024114041877e-03
-7.716149445817920179e-04
4.330329487444519593e-03
8.164218666006915412e-03
9.803111474995473279e-03
1.996183371785542962e-02
1.925052910862845579e-02
1.174499671354337256e-02
9.720690350360623039e-03
7.405007873216877187e-03
3.297554392357435020e-03
5.340485973383037217e-03
6.841751225192204376e-03
2.186284679631976709e-03
9.099181473767229897e-03
1.105722712713482370e-03
-6.457947523518621155e-04
-6.760655852998137365e-03
-8.091924914281345416e-04
-2.853172100152354031e-03
-7.657428930571011719e-03
-2.722436697904077364e-03
1.104652982194844618e-02
1.876563896792193126e-02
1.834870074661278799e-02
2.933511196745373570e-02
2.497636203266508786e-02
2.421526882771641090e-02
1.638990844071522290e-02
1.702981330541056965e-02
8.169769655938789732e-03
9.667200912730759821e-03
3.515949175182062417e-03
6.440087871783726527e-03
4.931232416814423924e-03
1.513745757243210865e-02
8.799626606949592644e-03
7.666073498823582077e-03
4.184526194267083367e-03
2.637283366482182523e-03
-1.294226465019995484e-02
-8.531587842171006741e-04
1.675582012185243379e-03
6.346604888425816035e-03
1.012241359031667426e-02
2.477731590073339527e-02
1.672390016709105268e-02
4.317786327936433757e-03
9.609931560976003873e-03
6.979472522942913384e-03
6.017295909837521925e-03
-9.670812593983064975e-04
-4.104393173560323682e-04
-1.405091616815849591e-02
-1.046194793608815586e-02
-1.099554230168283374e-02
3.818494286836268681e-04
1.185950996281755557e-02
2.243802995644320064e-02
2.269798833207420721e-02
2.179636303727946339e-02
2.130367794291893740e-02
2.209081185822106552e-02
1.269853451313680132e-02
1.508131436674000833e-02
1.372819255008428038e-02
8.682547947090099583e-03
2.427438190461102697e-03
7.177538164630051579e-03
4.938759364929525865e-04
2.466944155959705648e-03
-2.275024550110984166e-03
-3.022845540766999021e-03
2.044826220417404403e-03
5.981140146280314492e-03
3.468047560155588290e-03
7.645108815583157719e-03
9.778604262940528494e-03
-3.938197929026648631e-04
4.906891945454438728e-04
-2.630695024254563804e-03
-4.382576185528385196e-03
-8.266039293596628978e-03
-4.367459983466461665e-03
-7.904754141477586538e-03
-1.502876083171979498e-03
1.301762514317449625e-02
1.546451871406241511e-02
1.555628206178437216e-02
2.028828083508225563e-02
2.180252813363658948e-02
1.104519146320744223e-02
1.522900486130179809e-02
1.983945651919300293e-02
1.237553727965251191e-02
6.444414368856943125e-03
5.668891376216925355e-03
2.999006718857554019e-03
-9.448714378905927885e-03
-8.241446320765939346e-03
-4.901593615676758803e-03
-1.918051892858826414e-03
-2.566524671646080481e-03
4.327761889067609745e-03
2.048662554805897110e-03
-7.858918796891163627e-03
-1.694176430927588420e-02
-7.981643093515618931e-03
1.102891701531100513e-03
7.579633507014260987e-03
1.739964793082814098e-02
2.609133483826956562e-02
2.153142212627861748e-02
1.559858999079933098e-02
1.376418923807178583e-02
1.192899631861127525e-02
2.446307215583295135e-03
-3.941055463900120306e-03
-1.156742394644004641e-03
-4.133066923754753590e-03
6.127825946536579957e-04
4.000976593783359125e-03
1.071838710513813887e-02
7.741283314446144315e-03
1.985981037336376556e-03
-1.749262690428608769e-02
-2.294336425468967988e-02
-3.679396822522874172e-02
-4.095481317666220533e-02
-2.972557080958631442e-02
-7.822788813939557037e-03
-3.778548847192820734e-03
8.945077798594087623e-03
5.770569474637451436e-03
4.370212076740282586e-03
6.551288142012742441e-03
2.859500605577604618e-03
2.320434612087707467e-03
3.901214763038583777e-03
-1.108396304309315107e-02
-3.697331827236464280e-02
-4.281429850718432295e-02
-2.959840956693963673e-02
-2.755884446177329916e-02
-1.689725410455899385e-02
4.920254563026273814e-03
1.712785934251430733e-02
-5.472379393888665046e-04
-2.738295438499083363e-03
-7.677808841798957305e-03
-5.667862244252718819e-03
-1.035683868398711710e-02
-1.805195866803343402e-02
-1.393147239077635949e-02
2.512964445000858554e-05
-3.021061571485542281e-03
1.478950534349169656e-03
1.473717778221611714e-02
1.823464542304105429e-02
7.204185622051508496e-03
-8.487620812512239321e-03
-9.488274186428708942e-03
-4.553866470283654197e-03
3.864571868223257850e-03
7.251615118956166416e-03
2.780375824098605536e-02
3.662048867285377235e-02
2.564943830921128515e-02
1.196911482550936344e-02
1.841253678332000279e-02
1.352052732019711108e-02
1.072048832292048573e-03
1.376411968874636897e-02
2.115169504722207855e-02
1.867596122363169783e-02
1.567722774201995087e-02
2.387028526114743851e-02
1.723338183392426545e-02
7.933572033395485876e-03
6.583004314333706572e-03
7.309997283174899697e-03
9.678120494298468601e-03
1.011476760392815075e-02
2.303594463132239284e-02
1.967858687765947079e-02
1.672008227166914274e-02
7.367097911926425401e-03
1.664209344926988925e-03
-1.556508448001704334e-02
-1.743083674201663380e-02
-6.837183363340467238e-03
-3.489074366780065082e-03
1.778341892511101606e-03
6.339388557092849770e-03
1.191112658523377395e-02
7.232376767743555791e-03
2.834378987964140430e-03
-1.022155407153806789e-02
-1.020966803226032969e-02
-4.165651866834155920e-03
-9.271474880977481972e-03
1.215538193615797822e-03
1.432768807624571969e-02
1.483309826173279632e-02
8.011676065160285715e-03
3.326084578939743353e-03
4.871043978419200941e-03
1.113658778990678569e-02
1.816872170089484789e-02
1.853183193088386860e-02
2.407476906863037502e-02
1.970588843807007801e-02
5.647956553259813814e-03
4.041080677953838747e-03
-1.826705434779065697e-04
1.117946339489068889e-03
-4.042926789366419089e-03
1.601354701948699832e-03
-2.623745362168630399e-03
6.806364312377775200e-03
7.360970946464140234e-03
1.284882396274259625e-02
1.933289203192174385e-02
2.077741405638954680e-02
1.163828871107631946e-02
1.424912087706139800e-02
9.490189177579461122e-03
-3.886357460650178165e-03
-1.701997411563147510e-03
8.885133587041937550e-03
8.252656564017336882e-04
-4.801315688988795280e-03
-4.150016680038217873e-03
-2.041731799694992272e-03
-2.304482652684065533e-02
-1.037714353561808474e-02
8.993441217841581167e-05
1.640892070305917383e-02
4.750114205665762791e-03
1.323986254568303850e-02
5.258062602261115090e-03
1.011334442090864975e-02
-5.082215143021000595e-03
-1.252566195831950578e-03
3.674146727071906683e-03
7.390840331873791552e-03
5.837736800589909091e-03
8.677519929245612607e-03
1.895486616782619815e-02
1.762189506937413344e-02
1.890752771107779423e-02
7.518771297213864245e-03
1.053390066974301160e-02
1.930629096273206750e-03
1.474369683717471902e-02
1.048864512990747150e-02
1.638385130159740466e-02
2.382766905874925123e-02
1.712421611796711637e-02
5.074892494905838651e-03
3.105839328832397939e-03
-1.834075612233339314e-02
-4.922594639718219645e-02
-4.418347113256274744e-02
-3.804438493558099516e-02
-4.736132561142097214e-02
-1.671195347907395573e-02
-3.671834328509349619e-03
-7.799557831353114319e-03
-9.849039286405736338e-03
6.863136341754556662e-03
-2.057639149162095865e-02
-1.155371474395538306e-02
-9.532201482617571470e-03
-1.550833458516494984e-02
-1.548036089355493000e-02
1.501053200049978775e-02
1.200497828951980518e-02
4.275656309625839799e-03
2.325184893921996426e-02
1.892795567281807187e-02
2.898954302406246339e-03
1.804070379238517652e-02
3.066794681965627142e-02
1.176978066839514184e-02
1.767640118109876229e-02
1.554188162277254058e-02
6.624441542638841857e-03
1.205227060235434036e-02
2.102938033183901489e-02
1.063600104214091485e-02
2.077213001600665410e-02
1.862078475201545472e-02
2.094097203053224207e-02
9.889375716689297047e-03
4.270436427253396575e-03
-9.742685432101148325e-04
4.999193137340533777e-03
-4.785531123987649994e-03
2.382019340797153929e-03
3.476633097484922719e-03
3.934481419287420845e-03
-1.564082571656774667e-02
-5.457085729671093052e-03
-8.762197193903479425e-03
-4.970296563808212706e-03
-2.354522281573249477e-03
-4.586317403539007242e-04
-9.431140764827471504e-03
-2.750003424736130811e-03
-6.280491797848963137e-03
-1.298448564086120485e-03
1.084095886009659240e-02
1.385521056491638425e-02
9.387916739152757720e-03
1.840337658300232257e-02
2.148737717147515547e-02
1.711748573461725070e-02
1.786280379072429508e-02
2.129507636841584256e-02
2.121886262681432767e-02
9.534266149463356196e-03
1.438270996521275047e-02
1.939725864442613107e-02
1.214316821759137133e-02
3.889773917450600749e-03
1.419529998161565484e-02
8.485710740335833044e-03
3.685975586482262249e-03
4.807939710979390602e-03
9.472659849135943444e-03
1.013643668798424680e-03
1.020372814859754618e-02
-1.063910197600523820e-02
8.266342161443781394e-04
3.652779670665045730e-03
-5.037022555743815924e-03
-8.523572305547661918e-03
1.544344230366092793e-02
1.606557057392191817e-02
1.816784375756996806e-02
2.412426910016309684e-02
2.697099346095356912e-02
8.949057893536048816e-03
-7.242638878770358592e-03
-5.639492517683843999e-03
-4.921249446652105862e-03
-2.560397561038751588e-02
-5.622184445626668067e-03
-2.521667493860803386e-03
-2.024173378046163763e-02
-8.434316831155879227e-03
7.448683810050123547e-04
-1.175489373157931339e-02
-1.480683386524005163e-02
3.812428660439369510e-03
3.058494249521587563e-03
1.063614011245252004e-02
1.902707853414363492e-02
1.929227442890942001e-02
1.815700046553186953e-02
8.611886915183466357e-03
-7.414840246910553434e-03
-1.915125496211726383e-03
1.041697355631667843e-03
-4.110749645538312388e-03
-8.488900966298274647e-03
4.607335090569616640e-03
-1.918700477343090148e-03
-2.125335899028421918e-03
9.619341921398847847e-03
1.070139298873907033e-02
1.493001898663169277e-02
1.691642127490126588e-02
1.695817331718454946e-02
9.867760788309982989e-03
1.191118216542825722e-02
1.347452531046149787e-02
1.146497278969137341e-02
1.366406931142282594e-02
1.738660942121725284e-02
1.875594644452363569e-02
1.526174940665126281e-02
1.570433087714560166e-02
1.762127348321932199e-02
1.799707758386906442e-02
1.496865409741793447e-02
2.262781661564854802e-02
2.393413458758005680e-02
1.991838303272833871e-02
2.275144608901817633e-03
1.365931202565025780e-02
-4.484749497511307872e-03
-1.213690055039341742e-02
2.995793933053351663e-03
1.748772162380048470e-02
8.258515263728800210e-03
1.272801795876152969e-02
1.801774066561032811e-02
1.486441549639151878e-02
3.080149602805503338e-03
-3.435958876345824274e-03
1.142000095193826566e-02
6.260693181418496012e-04
-1.013152974299955274e-02
-2.118430198983060897e-02
-6.467258673009002728e-04
2.557756938914412803e-03
9.944454955740301277e-03
1.481344909295938261e-02
3.324288453931688314e-02
1.400132431417065379e-02
-1.702997210334004918e-02
-2.056372357951215951e-02
-2.548936785827272261e-02
-4.678550229229723467e-02
-4.384044954254777415e-02
-3.961595006201081015e-02
-3.980510312792488736e-02
-3.506869248110741633e-02
-2.823059782828937422e-02
-9.296288676513830840e-03
1.552257370261223013e-02
1.810471230056594216e-02
-7.171773791690434774e-03
1.669799766805574182e-02
4.639280072437129178e-03
2.052886981289719047e-03
-1.366679156781226701e-02
4.747057786236721401e-03
-3.078151846307319861e-02
-2.214527991445505023e-02
-5.646703706200677242e-02
-3.748839286906396895e-02
-3.149257782062247352e-02
1.251505844112387779e-02
-1.313457414288650253e-02
4.639040195523358445e-03
1.394130888153617687e-02
2.856317034755730122e-02
-8.254759821171644973e-04
1.293318455404777849e-02
2.795149651655250492e-02
5.655954985111559530e-03
-2.717749349668461059e-03
2.171659678111995465e-02
2.529669807964191747e-02
2.088378353389804681e-02
2.989162921839029832e-02
2.433519828020755046e-02
1.202849281155116308e-02
9.887644673325333977e-03
4.896248404927094205e-04
6.141689540473621242e-03
-6.996610060933721939e-03
-3.350338275180067549e-02
-3.695828276464190737e-02
-3.667234937537611900e-02
-4.551854916099106613e-02
-1.747871555949057423e-02
-1.108122629793992578e-03
-4.408292329549641335e-03
1.393773880067874713e-02
7.238913368515948257e-03
2.258990576728398328e-03
-4.638201882539300103e-04
1.040291994545438151e-02
-2.225874563155953809e-03
-8.513449576472292835e-04
-2.058870504017446673e-03
-4.437398307536241648e-04
-4.865446335408295589e-03
8.694751350304114404e-03
6.165683857698065276e-03
-8.903915602032717175e-03
-1.393174009003755268e-03
1.912797267749001291e-03
-1.783032668524014291e-02
-2.017304834547786058e-05
2.052198706225654909e-02
2.065718347450749837e-02
1.839637603276211494e-02
2.800770205220542639e-02
2.397516438166561598e-02
-1.356096722772795818e-02
-5.736342694309086096e-03
-7.811435901380613632e-03
-1.695636638821376371e-03
-2.955783774360124221e-03
2.526068699899374284e-02
1.452494210724679727e-02
2.068346351628456981e-02
1.624587968754865816e-02
9.134636752377363333e-03
-1.310571674026560652e-03
2.353428111262954002e-04
-2.032530055997278789e-02
-3.480849101343223145e-02
-1.907068148397949789e-02
-7.525316255430583579e-03
-1.221559076438523753e-02
9.268455780371340560e-03
1.642909286162919091e-02
-3.734180671869105628e-03
-1.480213419153178153e-02
-1.061922760332765364e-02
-1.719878230856091914e-02
-1.337806775048150723e-02
1.876848763974313383e-02
2.334474691361562715e-02
3.372023924315119964e-02
3.787921889529090314e-02
3.827902427034063360e-02
9.671916292159568260e-03
2.040095244779054767e-02
1.283899653688455426e-02
3.912220979563041032e-03
1.232660290906427078e-02
2.687795185911302787e-02
7.653677369984320314e-03
1.318671593818199900e-02
2.129458897219746807e-02
6.210849571113127333e-03
5.738103819958954507e-03
4.912411950567378491e-03
8.545594339273800133e-03
4.227541643138482165e-03
6.755817757807100823e-03
7.332011539235403982e-03
1.956041579804471825e-02
4.320244961432919382e-03
1.228013511591979565e-02
1.257780534085446711e-02
1.190503152148980441e-02
7.166690262429425279e-03
2.165956449364199801e-02
8.138456293012373555e-03
5.373069112802347606e-03
8.649048222949889345e-04
-4.731920509469943366e-03
-1.024974179390064979e-02
-5.381595066835436793e-03
-6.727293430320238285e-03
-3.131795675028531054e-03
-1.787623979809802033e-02
-1.437915690783611936e-02
2.905642712747406181e-03
1.368404882180260067e-02
6.235459569526576561e-03
2.409492167253425576e-02
4.896504047014103855e-03
1.266234748571719998e-03
2.776546730774430080e-03
-4.723658153699437229e-03
-5.019784694491764669e-03
7.807083734501375771e-03
2.582602385692905379e-03
-3.087503825891349356e-03
-3.869828241328723134e-04
8.224357955582076857e-03
8.642194178590707071e-03
3.925189063845192956e-03
1.955071638643957402e-02
2.719872814036317088e-02
2.202378145510162227e-02
1.560763201975561357e-02
2.155808243357589665e-02
1.864350297590964753e-03
5.063082569714244530e-03
9.203727623783011444e-03
1.796804243374866897e-02
1.101301274667377053e-02
1.540860502790077600e-02
8.122198837468192628e-03
-1.040272840799115819e-02
-1.575817161846771938e-02
-3.005980117381798142e-02
-1.429877152621234632e-02
-2.300845475424537906e-02
-3.569589136382146644e-03
1.191718635982766915e-02
3.074739033751570233e-02
1.486291467099228915e-02
2.242418583629167753e-02
1.913329382350102692e-02
6.064480483255006021e-03
9.262950589894044032e-03
1.079918250494366419e-02
2.149899413877010695e-02
1.704244103315724276e-02
1.527117702741547650e-02
1.488876748368192851e-02
6.673394247426332922e-03
7.821965883903325700e-03
1.061952472679362353e-02
1.065413838933635532e-02
9.929038174654673810e-03
2.165727409833164557e-02
1.458158291021591398e-02
1.627770192324176635e-02
1.736775505641384443e-02
1.119678628587383526e-02
1.023595124882702503e-02
1.569111450250582421e-02
4.460948762245296566e-03
1.107932954795796260e-02
8.904764634741484108e-03
-1.460708175934534100e-03
4.046715847417622393e-03
1.374521637570003119e-02
8.957921628727218491e-03
6.842090432567660835e-04
-2.024793708653670893e-02
-3.499040461304345900e-02
-4.231691765621125451e-02
-6.677351674269965676e-02
-3.774161261445095616e-02
-1.235258170267655373e-03
2.080311839866014895e-03
7.610132037504563178e-03
4.113323487175685883e-02
1.601852566788823651e-02
-1.442031773827154653e-02
5.259011174501110678e-03
1.045662354739110636e-03
-5.327321468879214414e-03
1.975897890208499694e-03
2.068361745457377582e-02
1.739442666289274519e-02
1.968066572726354102e-02
2.210985826726436648e-02
1.479658363262748369e-02
1.040310991171081861e-02
8.726830335222864748e-04
7.148121806027051862e-03
-1.258159470233756287e-02
8.215332511366770646e-03
2.895280506750197436e-02
1.930616456978219431e-02
2.601397927887569642e-02
3.905297767722876873e-02
2.379426262840546313e-02
6.310755739298825641e-03
1.965066242198072743e-02
5.429730913540145240e-03
1.380356609543786570e-02
1.119814157043170361e-03
1.161780122219051303e-02
1.837686636806907386e-03
2.747856992676399324e-04
-3.968116449785211511e-03
-2.192146466523716211e-03
-6.707908936225763855e-03
-1.024708372549560167e-02
7.967271632310455459e-03
5.362099501472903512e-03
2.461486691536214633e-02
2.715000626963858313e-02
2.547889692050249108e-02
1.642492871442356034e-02
1.744334829263493453e-02
-1.190259079958911823e-03
1.482541140665271512e-03
-2.095924253070935613e-03
-7.344346220246954215e-03
1.635025192263290378e-03
2.394960307508941719e-03
3.759594514966433862e-03
7.537582698291371910e-03
9.565517027788298515e-03
-1.372893128422708088e-02
-9.502462411213184745e-03
-1.863704834667371385e-02
-3.350040615253348578e-03
-1.773276537948249854e-02
5.463524235975083208e-03
1.282367375128505398e-02
2.238256123540368139e-02
8.385615078993430629e-03
1.489637581886014452e-02
-3.801945969130280517e-04
-1.620380582931732483e-02
-2.419176073421672873e-02
-3.029345447404196978e-02
-1.204937473878300337e-02
-2.745012489755331575e-03
1.776568679904334813e-02
2.091716850406031419e-02
3.438191748798345715e-02
1.989278335342163639e-02
1.401056234297471184e-02
-2.146277686991827395e-03
-9.999594679163396199e-03
-3.381579888081202856e-02
-1.919030507935549912e-02
-1.701802008001705724e-02
-1.056143764459959757e-02
-1.522906728846644582e-03
1.832971811352054892e-02
1.531554699939312314e-02
1.207050855214590254e-02
2.168457964904384194e-02
9.873307960826187279e-03
4.198458220076344699e-03
1.728938579908132975e-04
6.012310358119855695e-03
-3.098300492807353965e-03
3.154666316949280604e-03
6.322011777099619673e-04
3.263408213212231485e-03
5.058069839114290311e-03
1.503398221726581947e-03
6.357413666241320920e-03
1.799568310345547525e-03
-1.988567878475139272e-02
-5.421688192999617184e-02
-4.506652638067493166e-02
-4.426769939680312571e-02
-6.504646364532609693e-02
-4.021636773648946950e-02
-1.022818140995968884e-02
-3.136005747707192731e-02
-2.625224017706872387e-02
2.650871205942683523e-02
2.526129927108332340e-02
-1.421785261723143914e-02
1.532068722253734395e-02
-3.380845685039173334e-03
-5.263306933768020779e-02
-7.650378512866991276e-02
-4.567003683318828638e-02
-1.322837037572665436e-02
4.115730535662043971e-03
3.680564676270933061e-02
7.554642057703386815e-02
7.103627693303395108e-02
4.169679124982125784e-02
3.072813118881809191e-02
1.574546274900622683e-02
-4.018028606024135266e-03
2.573164866540888357e-02
1.318623553070465831e-02
1.876618934068061476e-02
2.627351493445537201e-02
1.873137278680048895e-02
4.981760764196873324e-03
-1.221664820633288490e-02
-9.226776011393504964e-03
-6.793327515378076199e-03
-3.268798927802411131e-03
4.513230018100423090e-03
1.287063911419173215e-02
-6.919885997287282889e-03
2.159689138036437195e-02
2.584050907614474785e-02
8.069733376041398482e-03
2.831306227466754560e-02
4.584448381148081147e-02
1.952152426404334118e-02
2.233345722082610146e-02
3.248077249001977279e-02
1.724183619096899406e-02
2.692108856837673730e-02
2.718296320785911629e-02
4.395246249649216452e-03
5.708590259277061991e-03
1.370873479066140113e-02
2.684107977160562781e-03
1.168815405299710938e-02
3.073981848620639321e-02
2.149203263364851679e-02
1.264831307268596966e-02
2.124220386181728537e-03
-8.674666489930184243e-03
-6.203591148401903232e-04
-6.332160194681749760e-03
-2.428724887846969022e-02
-4.658187228193838222e-03
-6.864752680188389126e-03
-2.141664751163054048e-02
-8.502647765180008227e-04
3.213588939673681089e-02
1.331756711306322782e-02
1.788152291826650836e-02
3.038967089020831736e-02
-5.971397098712000195e-04
-3.137598782084934090e-02
-1.826906344513005986e-02
-9.177202744183161898e-03
-4.601458773794520063e-02
-2.279157413767948434e-02
-1.948273009868568481e-02
-1.716516109238529902e-02
-1.411501949034628910e-02
1.072780580614796433e-03
-1.288499826803629449e-02
1.230151236894168332e-02
-1.387906801765427696e-02
-3.301569918694055583e-02
-3.021326056495267018e-02
-2.059151499717703018e-02
-9.810527609298781010e-03
1.135516708956881525e-03
-2.226637553584196773e-03
1.724777426654333992e-02
3.154971550514187872e-02
9.550334124608979985e-03
1.513503020027109035e-02
2.143238656944048207e-02
2.397893471498649745e-02
1.844182369969796578e-02
1.392269339126981330e-02
2.264843401349629290e-02
1.632249100279714593e-02
-5.000272388912493406e-04
-2.479893334229043428e-02
-5.612634653622411429e-02
-6.869460296873704241e-02
-6.217911560076035821e-02
-6.588944965454229807e-02
-3.842311943877100427e-02
9.549547380927598736e-03
1.811327135997158055e-02
1.967203470077638280e-02
2.603067971862176727e-02
1.685730520981135530e-02
-5.216298356548465520e-03
-6.968134355604609087e-03
-2.852648012296411101e-02
-3.396242462405678342e-02
-4.268827955964391019e-02
-3.428149386910565172e-02
-5.294027838295448790e-02
-2.991593196513768829e-02
-2.781428570155694557e-02
-4.674140612445031040e-02
-4.760559502104688701e-02
-3.995796170142912329e-02
-6.916012705059028376e-02
-1.389535820403507149e-01
-7.085486297920480514e-02
-3.792485352438623725e-02
1.947061816145408131e-02
2.409628908793721991e-02
7.998345614602694886e-02
4.303450146917333491e-02
4.596679130425585652e-02
1.210825430573948466e-03
1.327628289466918285e-02
-1.656610649140115993e-03
-9.531433299572697124e-03
-3.215675933683061205e-02
-5.785037738621180703e-02
-3.242101423877723210e-02
-1.207023660757022138e-02
1.561873870010925709e-02
-9.125980261710577371e-03
3.749067961454580905e-03
1.959527456250543392e-03
-8.261981889443263671e-03
-1.799801958793014953e-02
-8.364387692817758929e-03
1.130605877194286457e-02
8.329541510921972466e-03
4.807520193753725413e-02
1.207005420896658729e-02
2.191915234844578689e-03
-3.914392315819579388e-02
-5.175696922353700130e-02
-7.013050567502925048e-02
-3.891643388677408499e-02
-5.688082613667586745e-02
-4.259016059307355745e-02
-4.682002268802183675e-02
-2.232453338396438169e-02
-5.669643588323096395e-02
-1.090654369829104423e-02
-1.819398867556471650e-02
-9.412727887389369524e-03
5.916428619275382328e-03
-1.636865814288322035e-03
2.118783755225188761e-02
5.626027938225040825e-02
5.461448608098380675e-02
1.165404796538233034e-02
4.354323981473877392e-02
8.015379175970394066e-03
2.232666303707496816e-02
4.322877056141100072e-02
4.895833887317066480e-02
4.905949731134675446e-02
3.847645045202463532e-02
3.138918638166929981e-03
-2.939978243995720886e-02
-3.261016416307147697e-02
-5.154597616270271965e-02
-3.119131068716886682e-02
-9.080703065360152051e-03
1.324186243092321212e-02
-1.766420438143451524e-03
4.714516093163182570e-02
2.995211506819953073e-02
3.283524670623270969e-02
1.229944570174161360e-02
3.136473949321139099e-02
1.177831856628621613e-03
5.519692273405958118e-03
-1.194104241807690016e-02
2.004020052634096494e-02
2.251919202774557011e-02
1.671377687289322955e-02
1.296205958098415115e-02
2.430049552815074024e-02
1.244762575210381188e-02
1.699182608485513488e-02
1.933347093572202260e-02
3.540765353386216702e-02
2.884674560978699870e-02
2.720887641903890070e-02
2.053068034445484913e-02
1.627909473220448197e-02
-8.430260434647791901e-03
-1.088975949434823134e-02
-2.786743287394158330e-02
-4.159686616763391687e-02
-3.333501948773767709e-02
-3.056504413286155464e-02
-2.037118753132580520e-02
-1.983830767981307336e-02
-7.863355950980375000e-03
-2.484044343891714593e-02
-1.132431970800066266e-02
-3.190800602075560127e-02
-1.113218737841105768e-02
-4.051073918878816960e-02
-1.936398694390175160e-02
-4.679373324532806744e-02
-2.787074610752594481e-02
-4.021043658615712502e-02
-2.725514002125301732e-03
-4.417698284973658671e-03
6.993409328527371016e-03
-1.683837387376787426e-02
-1.651782149518481527e-02
-2.477563654246917046e-02
-3.846563354622510589e-02
-1.116787523618569498e-02
-9.747980933778951571e-03
-1.303007112858051153e-02
-2.897921609150584665e-02
-2.768115215729505946e-02
-5.992888830054863419e-02
-3.002423408484141548e-02
-4.165878823874984843e-02
-4.091199916947389770e-02
-1.640530816283520751e-02
-1.225895846650573197e-02
-2.031479030892761189e-02
-1.642602559191010114e-02
-2.404557634431490898e-02
-2.859791239380984548e-02
-7.399591151293034158e-03
-2.841244913706509820e-02
1.828333115340682880e-02
3.867585094650269339e-02
4.706202470777096081e-02
4.841117992749500304e-02
2.652309690354621302e-02
-1.805980449007630120e-02
-3.211484662594466660e-02
-3.358204620230038906e-02
-3.294279912726942594e-02
-1.346924003615269927e-02
-7.013403396804293935e-03
-5.585566673323553305e-03
6.541625497346260226e-03
1.184636261960764041e-03
1.662293714806922437e-02
2.792246974092757808e-02
4.724398801430106792e-02
-3.527980446304347650e-03
-4.415132047172580509e-04
-9.028983295103208987e-04
-8.210951477493896172e-03
-3.774645596954312454e-02
-4.473213364719584584e-03
-2.148960047311433003e-02
-1.014833385504364596e-02
5.980058148607556717e-03
2.858236460093017961e-02
1.643788331652800902e-02
3.848907459446958279e-02
4.057379715291398875e-02
2.040885294478343714e-02
2.143609515875993105e-02
9.691036949887130852e-03
-1.732075951667809421e-02
-5.164589980076319392e-02
-9.974715163174718846e-03
-2.692289295106168115e-02
-3.100945867806573220e-02
-3.373886930114906868e-02
5.459573989618413808e-03
-5.055092304999027342e-02
-4.713700695908423083e-02
-3.808219056009437553e-02
-4.394865534845652372e-02
-2.054063462374102617e-02
4.123285404332621695e-02
3.570667589926941610e-02
5.353649071497748602e-02
6.716948601296317267e-02
2.074453733020060683e-02
-4.337315321866513917e-02
-6.785466646544088820e-02
-3.832101978189064034e-02
-3.433269125907682101e-02
-4.363099239466521756e-02
-5.714128472793397057e-02
3.948329263048010879e-03
-8.859395116049453844e-02
-9.701506320376621084e-02
-1.701625202575528517e-01
-8.253634904215331747e-02
-6.334553218085259285e-02
-2.028133113428979076e-02
-7.382495325234032790e-02
2.546833036791054661e-03
-9.227601370417184978e-03
-7.571541218916774674e-03
-3.403786465723269983e-02
-9.764969292082696650e-03
-2.586816700606404257e-02
-8.383196145890282891e-02
-1.256172199200767114e-01
-7.764749505038838484e-02
6.695578976023019990e-03
3.768483536857934746e-02
1.027713346081361445e-01
1.050943099495104394e-01
1.201609904751664015e-01
3.646674181797610048e-02
8.253562926968910363e-03
-2.730295728474761013e-02
-6.220209161692898808e-02
-9.913847416203466767e-02
-1.154332527951095339e-01
-7.778875834811889434e-02
-1.173388100295243291e-01
-1.171015938288655078e-01
-1.153034751500800204e-01
-9.777722286927310880e-02
-9.263243573289654809e-02
-6.441805093295041584e-02
2.804313092102564409e-02
1.147802299073615723e-02
6.776933032128479306e-02
9.113720207295038234e-02
7.210807583818261424e-02
-2.662497256744073004e-02
-1.752934127814858353e-03
-1.561744522990408425e-02
-6.988078278548878752e-02
-1.356542331221756437e-02
2.133977863167703728e-02
2.980216442259360499e-02
1.840063656169556305e-02
5.856908753492720554e-03
-1.113127797219429227e-02
-1.343504536316978033e-02
-1.944228119364292684e-02
-4.680209385048504644e-03
2.955549770228289852e-02
-9.512157926306425912e-03
-6.998180076421134724e-03
3.243446931437063419e-03
1.107994790802196462e-02
1.059171665130145303e-02
4.531185640895074584e-02
5.036125909924316080e-02
2.883599607375102875e-02
3.302938899998474065e-02
3.376745085080296721e-02
-7.550665442512245404e-03
5.879579953741326595e-03
-1.004016514435875779e-03
-2.382058824148246615e-02
-2.483150923203041732e-02
-4.563488662070837310e-02
-5.073413930464861638e-02
-2.585189171826157706e-02
-4.993184201493006819e-02
-6.852801127614691068e-02
-1.217179369439920153e-02
-6.042221593219702924e-02
-4.132362445382559146e-02
5.421594175015620118e-03
2.393568204142551212e-02
1.534000976115864820e-02
4.524095832588675981e-02
1.861199802157319227e-02
-1.661563551635837285e-02
-2.806874694320751415e-02
-2.019868696426796451e-02
3.197317971448419838e-03
-5.716424598167848918e-03
1.056098267755891176e-02
2.468832973543850368e-02
2.538198439618136876e-02
2.362766649705364680e-03
-7.018553863215032732e-03
-1.777152075648453372e-02
-1.878506150161163291e-02
-4.502669509694281341e-02
-4.826141591570002470e-02
-3.905790773450974057e-02
-2.542898208748948369e-02
-3.043915206717113381e-02
-1.716383067879445612e-02
-3.063268093414321311e-02
-3.431983207571928651e-02
-4.962600626237875789e-02
-4.806557246754528112e-02
-6.134434554837833037e-02
-2.985579031747712456e-02
-1.083757548616249428e-02
2.433513808935974798e-02
1.463288874199430642e-02
6.155360790081203237e-02
5.965258580998762661e-02
8.062948496792812780e-02
6.037080282854347113e-02
7.290627385389300552e-02
3.541703238380658481e-02
5.854953007358328770e-02
3.643802461539735749e-02
4.621265531121691861e-02
4.670550403397299294e-02
5.787468175120675379e-02
1.512317357282520411e-02
5.864474631195482762e-04
-8.234876875550314890e-03
9.171831859296143002e-03
1.709029233170499332e-02
4.135902470797325758e-02
3.408483969665630775e-02
1.105691037273866945e-02
-2.339524301810275500e-03
4.620374030482800320e-03
-2.425367998480330422e-03
1.855169546987175261e-02
4.251470477834685957e-02
2.618215332446340027e-02
-2.032289424414301937e-02
-2.138788577101545171e-02
-8.698354119964002429e-03
-1.719895575254553471e-02
-9.972592010255238240e-03
8.394536235076801092e-03
7.360689892721976324e-03
9.968847093895628550e-03
1.531727716447867441e-02
3.977092847478723436e-02
4.791146458869170038e-02
4.544314226724335826e-02
4.099443121283424807e-02
4.464316900483009110e-02
1.101304510473910189e-02
-3.398723962926043785e-03
-2.848562036443993452e-03
-5.621350410107098239e-02
-4.368865509338086539e-02
-4.971262145879179473e-02
-1.556985182094944298e-02
-8.202423166668889112e-03
2.401505890874692725e-02
-3.079010087760691156e-03
6.154558801349822514e-04
-7.599638629603956350e-03
-6.163387961749354840e-03
-1.537758908618020066e-02
1.488230053852854576e-02
4.101566845938732497e-02
4.311272344596742828e-02
5.529460616357785574e-02
4.653457672937771905e-02
3.934157842903575342e-02
1.034584503286647798e-02
1.731934313164518874e-02
7.440141548639958927e-03
3.191543707523458728e-02
1.511980739534828609e-02
6.989695435532548157e-03
-3.034849917905909494e-02
-3.907638911562196643e-02
-4.085067793951810411e-02
-2.855575891802172861e-02
-4.269022060205480973e-02
-2.518583059029921162e-02
-9.318506066999909798e-03
1.076441422606438589e-03
-8.020452576807796802e-03
4.077037315608236789e-02
1.744608758444384650e-02
5.508670957266991602e-03
-1.955574416319799322e-02
-2.690954567519163523e-02
-4.870293564804894365e-02
-2.776977381894401090e-02
-2.984280267244188156e-02
-8.947451764140810018e-03
-1.228541524111387284e-02
2.625254127418795089e-02
4.072116341887122015e-02
5.989753508368050872e-02
5.304709901626773055e-02
8.037402578780218632e-02
4.638479625178459909e-02
3.603542656984354275e-02
1.699856018485607426e-02
2.200172771543051908e-02
2.180822389801905653e-02
2.890643090955285696e-02
1.809745943296390408e-02
3.062771825516302782e-02
3.701013970915920104e-02
2.946775270861001078e-02
3.297930806380813124e-02
2.895310018948832678e-02
3.189256955178256664e-02
1.296923461423597421e-02
9.501138368202446949e-03
5.253896530033042717e-03
1.826346055432236451e-02
2.501787627906084180e-02
3.689750078015487794e-02
1.939659422848997658e-02
1.138464763643594162e-02
7.043750485629822478e-03
-1.325271920979737526e-02
-3.894635008534834408e-02
8.554183493539223304e-03
5.507833597533076143e-03
1.828266936158208511e-02
1.660602624097698432e-02
4.533702661688447655e-02
1.190329798925993457e-02
2.439480062583431960e-02
-3.665888331680168533e-03
-4.774502845936183862e-03
-1.212328369915958125e-02
-5.529805396367067256e-03
2.035694438762126676e-03
1.874971143816827820e-02
3.137889298702483537e-02
3.556779006941399035e-02
1.707240738271712660e-02
3.640740710427464201e-03
2.795457212041585135e-02
3.103948468056806284e-02
2.090655513547368810e-02
3.177762194043486782e-02
2.681612024099301259e-02
1.783843887686544644e-02
-2.909849418699112650e-03
4.273564017542499233e-03
1.734723475976807094e-17
1.898789091119198677e-02
2.004706413120479862e-03
-2.129216322267410422e-05
-2.396241531734619526e-02
-2.250737685131029564e-02
-3.456848882226028208e-02
-1.014912377316063916e-02
1.425623659260642079e-02
3.232909463671491956e-02
3.575989725085145648e-02
4.140377703065139386e-02
2.842696729793142002e-02
1.896506022354280119e-02
1.741568460572099492e-02
1.111985151929205384e-02
1.256258748804965630e-02
1.551237650076541658e-03
-9.738846723289101143e-03
4.744331278477877979e-03
7.793786065659369898e-03
-1.931374417941514668e-02
-3.223816184652091715e-02
-5.073782925044763303e-02
-4.551112763257024463e-02
-6.189344471125080016e-02
-4.782817830424876404e-02
-3.143822127166834290e-02
-1.468756932346471610e-02
-1.065272150502555304e-02
2.919265885730224636e-02
4.363302249808763411e-02
4.666815769803479841e-02
5.184879828021236869e-02
2.417215955153182577e-02
1.703104592664682337e-02
-8.877090961265585167e-04
-3.791074464693367299e-03
2.738294771041593044e-04
-4.386646649820203844e-03
-8.065792872579418890e-03
-9.432408224275112135e-03
-3.551308924237437867e-03
-8.585579266158584189e-03
-2.456397785011474669e-02
-3.312688372582552748e-03
7.230997053864695115e-03
8.476888290149022995e-03
1.391957657490942510e-02
2.805788652264054953e-02
-5.310349037073751853e-03
-1.030934875014523182e-02
-2.649006582428093878e-02
-3.579841331086270478e-02
-1.435113567139532226e-02
-4.822902012368440912e-03
6.206916463960534744e-04
5.161412887242189211e-03
1.371145969335592699e-02
3.295350530635664590e-03
-4.069270053131752302e-03
6.547512577553439225e-03
1.646633485084549042e-02
2.549499720415168702e-02
4.099316441990026594e-02
4.187162894618302184e-02
3.476138462311090943e-02
2.849729124864915086e-02
2.746382804940863259e-02
1.562511790879273985e-02
1.358330493406165879e-02
8.484415983390775420e-03
1.514232466164787579e-02
-5.048933785915107539e-03
-1.088928573716967108e-02
-2.857701772369996771e-04
-2.547979761689145046e-03
-8.031050989230348325e-03
-7.847797901391964648e-03
2.056174383318048332e-05
-1.456032864649099007e-02
-3.088264264739749507e-02
-4.013420454626129286e-02
-4.558008570999769193e-02
-4.085888058373551152e-02
-5.484093478955880813e-02
-4.885226248765900392e-02
-2.415599288522285795e-02
7.102081950390963516e-04
-1.112443183668871197e-02
-1.221984200951792277e-02
-5.970251269038634456e-04
-2.199766170572324889e-02
-2.936475555867197954e-02
-1.466918787597129570e-02
1.057721215396356662e-02
5.316073778868880134e-03
1.382153575050568302e-02
3.365854270459306408e-02
2.184860850257865084e-02
1.587472958859623140e-02
3.714126568079242907e-02
3.241687803511734273e-02
-4.164683909531168016e-03
-1.314751443218745500e-02
5.608009753787241564e-04
-6.592963056164712066e-03
-3.481862258186751123e-03
1.858500530956281108e-02
3.347698285493001802e-02
2.754057561835046922e-02
2.557434283169944533e-02
2.482803341900854596e-02
1.764433583917028592e-02
1.332004889562055962e-02
1.062050832541945947e-02
-4.962438183535113762e-03
-4.762239906192306665e-03
6.864393377136840738e-03
1.010619016921254082e-02
1.116594080915953371e-02
9.589975257821334309e-03
1.604658281218115934e-02
7.860683475700666611e-03
4.575030739856810261e-03
5.056711348221592378e-03
1.379607784882231139e-02
8.578834769120287015e-03
-3.276341622309707560e-03
4.554294613895922342e-03
1.153247963205676282e-02
1.290316324498671542e-02
4.282247156657715756e-03
1.478102095502619243e-02
1.548749302122531639e-02
-4.240351378763055484e-04
6.790233136530253802e-03
1.287770090131372044e-02
7.369575995589984323e-03
-1.398081396374466906e-02
-5.224118067710979869e-03
-8.121542404339595483e-03
-1.907357064150259907e-02
-2.092071056006353583e-02
-7.166899275677612695e-03
-2.113202656668939500e-02
-3.464441763657157697e-02
-2.058787296836317449e-02
-1.986203702976508528e-02
-2.972006512363500885e-02
-3.133939564661183952e-02
-4.539820790608038031e-02
-7.037704930782651136e-02
-3.957773082593731701e-02
-4.073757885313115251e-02
-2.184579144074786164e-02
1.725592554585943239e-02
2.868713362662832916e-02
-2.925092396056729049e-02
-1.714253628344011154e-02
-4.150100587130121227e-02
-7.502425824615588379e-02
-6.859643534155258904e-02
-1.620334057517624354e-02
-4.703256694942955368e-02
-1.838035243081704434e-02
1.442121521087721611e-02
3.471804465922020966e-02
7.773388473083978241e-03
3.406493982574406582e-02
1.698892245796116904e-02
2.409533219369873469e-02
-1.818837076446559384e-03
-2.371171711885601552e-02
-7.254708434029342318e-03
9.809851654905147114e-04
-1.136622291717202457e-02
1.252963901424326322e-02
4.056770241393008181e-02
3.328420160695985675e-02
4.559591541369090867e-02
2.241668986131052643e-02
-9.252924610097227123e-03
-1.056956867099083722e-02
-3.098997647580446074e-02
-5.071611628278940159e-02
-4.776280874797265291e-02
-4.201995011271195818e-02
-5.558265079186172630e-02
-4.029806575127981016e-02
-3.774293650473001943e-02
-1.614549333389307673e-02
-1.096302557029939402e-02
2.778730017900277877e-02
3.650656910822696471e-02
4.351933358737462842e-02
2.407576853523970412e-02
4.768594249787667938e-02
1.947903973759178287e-02
5.987179836268939973e-03
-1.176996306376442911e-02
5.305239785919495937e-03
-1.119992473412456668e-02
-1.540182194736750693e-02
8.039521888684772466e-03
2.890172093582406287e-02
2.107701991609195122e-02
2.621305136523132892e-02
3.358069325201473027e-02
7.841972746979772313e-03
1.229564518501055290e-02
1.636384409614861229e-02
2.689639036010694172e-03
9.328363221785786891e-03
1.602756214616947450e-02
1.166757715502959869e-02
-6.782046199073404370e-03
-1.925019360332320961e-02
-3.693800387746837971e-02
-2.360037245319721380e-02
-3.463049000578091730e-02
-1.412804894490720699e-02
4.344695214668692525e-03
1.759076395303497964e-02
-6.456396155414627011e-03
-2.142656585175846309e-03
-2.160773983366139073e-02
-3.520541054396353342e-02
-2.784560215444916234e-02
-1.381678716651760924e-02
5.336872680708110855e-03
5.213236011660066574e-03
3.984285508941257103e-02
3.976362645071255392e-02
3.840542282991590145e-02
2.720528475152644843e-02
3.765454595690948675e-02
9.188696918917181600e-03
1.086144324300499647e-02
4.197030689827532801e-03
8.574195713305844679e-03
1.158742131321101494e-02
2.702716000493866899e-02
5.028496990320907231e-03
1.708888010868634538e-02
3.547385966416924039e-03
-1.947209615689886753e-03
-7.817629254038858944e-03
6.126353090128350276e-03
-8.008007642281012375e-03
9.477135637531438478e-03
1.126276929540542641e-02
4.271716765229601961e-03
-1.100216063349183926e-02
-4.944887441385218546e-03
-1.077350819192256920e-02
-1.356104396570120482e-02
8.958632873170741667e-03
2.337772370614427109e-02
2.207283660109218490e-02
1.548926080685576571e-02
2.449902657136786288e-03
-1.437696643940140039e-02
1.661333882253609659e-03
1.622150474262343527e-03
-9.754735003573470134e-03
8.087256236715892679e-03
1.081689294123232975e-03
-1.634882912766515498e-02
-8.739250204721814644e-03
1.241219072641652418e-02
6.871030269800525864e-03
5.003826964355929593e-03
1.332235722838396447e-02
2.878667893083667467e-03
-2.444599187343684393e-03
2.896968344926917523e-03
1.590096111476448776e-02
1.281006345044264152e-02
2.938217264869405487e-02
1.686243315795760839e-02
8.324529397902841535e-03
-4.839603011324690798e-03
-3.525417093172618366e-03
-2.273277904969242189e-02
-1.909968972422895067e-02
-8.558550414432172446e-03
-1.619494713934812105e-02
-1.887168540886708518e-02
-1.362404221161282736e-02
-9.537660040785407925e-03
-2.394234721777688951e-02
-8.622083721772210579e-03
-1.013704150885478585e-02
-6.697481686533810624e-03
-5.398415183398255074e-03
-1.024733356690061062e-03
4.361479390072897947e-04
1.786538672210008505e-02
2.064111821583353851e-02
1.506407421119816681e-02
3.058918512393868708e-02
2.440218097617300602e-02
1.382546245149642375e-02
1.095332112706389610e-02
1.450420814829397193e-02
8.447778499831817833e-03
1.434373049409079504e-02
8.965698134679711204e-03
3.617670432540489450e-03
-4.318660046151161225e-03
1.048350014741778954e-03
2.220800389298538055e-03
3.130546227777799770e-03
2.976755201455387294e-03
8.116299409861204434e-03
3.869366880289172236e-03
-6.972120034115712045e-03
-1.184314004907635262e-02
-1.314780623305608284e-02
-1.056833782802448808e-02
-1.798812182000533375e-02
-6.957551856997029084e-03
-6.727864422561356632e-03
1.970589543944233427e-03
1.474789736538983584e-02
2.030259605854740912e-02
1.072266716427679872e-02
1.915424853959542262e-02
2.310013980486239765e-02
-2.401111830408312470e-03
-9.584429404721409376e-03
4.796252214076890744e-03
1.248751461785435612e-03
-5.912450848095456360e-03
-1.841335627665663735e-03
-3.786264347121559917e-04
-7.108343326086096967e-03
-2.353073129986936809e-03
3.012457160047416795e-03
1.822086851652246486e-02
2.382056818021673072e-02
2.868743360331289100e-02
2.232779236978909426e-02
1.927122909486794766e-02
3.735729712755844929e-03
1.372884613634960810e-02
8.267727478580406963e-03
5.165317152937740595e-03
4.871721326541244429e-03
1.136752226433573008e-02
-7.279522456442705756e-03
-1.518257209349342489e-02
-1.724662834525274302e-02
-2.648986955249231848e-02
-2.050581270617192128e-02
-1.403679208106146069e-02
-6.258407237847439346e-03
-8.850563333339164090e-03
-6.031599405179412276e-04
5.731461600760969811e-03
-7.020111206678901310e-03
-3.777993584406994475e-03
-7.397461510358774479e-03
-2.244962437958793883e-02
-4.617450800270953004e-02
-5.774333610903023550e-02
-5.339498272254585010e-02
-4.559359425193757615e-02
-1.571971169667822632e-02
-4.306817940117218559e-04
2.501186977132614439e-02
2.045534288854086377e-02
3.118607213327037261e-02
2.480652236776566613e-02
1.936844256628269395e-02
2.391804924024809945e-02
3.584710147513257839e-02
2.900330259934819424e-02
2.482317041855693074e-02
3.185161956961909957e-02
2.989074826965815515e-02
1.863408297205109559e-02
1.440619934585864008e-02
1.607810154069829606e-02
1.712364636504275922e-02
-2.857293365348886893e-04
-3.867918823121712854e-04
-4.881375996566741753e-03
-1.807518002669471907e-02
-2.223201101668716498e-02
-2.175083491379826983e-02
-1.064493163334151796e-02
6.041988042651930471e-03
4.277601316916415652e-03
2.280475932607772815e-03
6.218579936730002714e-03
-6.959786876629989009e-03
-2.664508622738650037e-02
-2.763096923762970586e-02
-2.478646058203112790e-02
-1.676780179199457294e-02
-1.429773634508157629e-02
-1.236562980053126752e-02
8.424174357874885527e-03
-1.219090546618149286e-02
-6.684763846725993823e-03
-2.270791260278964135e-02
-8.905742070247118364e-03
-1.826120186906840179e-02
1.275866123658271623e-02
4.405168874229884769e-03
-1.506510561480340488e-03
-1.183346233943016398e-02
-2.349651020559328368e-02
-2.043265146746583646e-02
-1.023780618747778016e-02
5.262887395956081238e-03
1.702925416604979952e-02
2.638973834336546045e-02
-1.291517257375813035e-02
-2.177679936991841134e-02
-2.130732609165269034e-02
-3.062366101172296975e-02
-3.689257909262561724e-02
-1.110389653326357244e-02
-4.592581127180294168e-03
3.473835366340336742e-03
1.094918531243833926e-04
-1.277737201008937763e-02
-1.432316153155395975e-02
-2.449697566663081374e-02
-1.689210161887381295e-02
-7.516950224124033242e-03
4.743999058130892940e-03
5.159623436352367767e-03
2.266138710296822234e-03
-7.548132831422148942e-03
-6.841897007923269242e-04
2.360542167858748971e-02
1.826566997258644715e-02
3.282750337790480560e-02
2.729332467109465282e-02
1.653111158006465714e-02
-5.426819474369729956e-04
1.373603342851960341e-02
-6.178718802869955992e-03
-2.258856592423209853e-02
-1.978182386843570922e-02
-2.524260634632891770e-02
-3.970640377564216283e-02
-2.436527700427450899e-02
-6.091345813480737378e-03
7.700493812998081278e-03
1.443641048511125173e-02
2.851541841537468328e-02
1.297447840889221632e-02
2.327171807468913362e-02
-2.707200393722263010e-03
-2.044466813174902059e-02
-3.950661745593501972e-02
-2.159829710871281547e-02
-5.402106304810285614e-02
-5.921922121941072814e-02
-8.369722093951323383e-02
-1.043665671825212971e-01
-9.425517085268800277e-02
-4.520423817188062854e-02
-3.224595932212852289e-02
1.623620960413564573e-02
7.181699365632268628e-02
5.132669464847497420e-02
3.851186465242590479e-02
2.631238324975036444e-02
-1.708910892436521847e-02
-4.796976040507770767e-02
-1.755241303130329958e-02
-3.218121171050244284e-02
-9.073878568097860919e-03
2.363426809587897831e-02
4.338289543759450695e-02
2.269547388941455315e-02
3.046038378299831956e-02
2.223022602172446127e-02
1.016244940671200830e-02
-2.888886629309236551e-02
-4.643306325450034105e-02
-2.667644807721001807e-02
-2.813439641165736693e-02
-1.142510447915444025e-02
-2.528126027796503625e-02
-6.872803699277379302e-04
-4.338096661957913103e-02
-2.816270233652912527e-02
-1.085814827500742458e-02
1.059123200905977974e-02
-8.011974569794556855e-03
1.634185104586688073e-02
-2.657998121414762230e-02
-6.116700493214975720e-02
-5.478755708508791650e-02
-8.850458850222217566e-03
-7.964252182592047175e-03
1.088661400496162765e-02
2.664536052931156668e-02
2.120009923416585340e-03
-1.969528092963791083e-02
7.497483195705034742e-03
3.784469986444236045e-02
3.224313115742372116e-02
7.640445052255570579e-02
5.324599398510826420e-02
3.383668136255402192e-02
-9.673899273960680223e-03
2.233403310168674723e-03
-2.374538791258348422e-02
-1.526239756544955396e-02
-4.782880396275498297e-03
9.744812806602328598e-03
6.811550193889942713e-03
4.788337199586277515e-02
4.977953713945062336e-02
1.007832528075677803e-02
-1.029424952531589332e-02
-1.680516759267621993e-02
-1.555200254989102041e-02
-1.852439284299887273e-02
-1.001011039865345835e-03
3.786777044336569337e-02
1.718225562717743890e-02
3.590729041866993348e-03
7.274500559797435553e-03
-1.911487894549600535e-03
-2.297190566938204018e-02
3.316775483494113774e-03
-2.820745225610223755e-02
-3.344827282158941567e-02
-3.625705284208383117e-02
-4.734324381350077382e-02
-5.156283779836508263e-02
-4.723163516772811710e-02
-2.549645469341785611e-02
-7.504474018126539026e-03
1.684080686502899618e-02
4.458724825698423544e-02
7.345877342119072617e-02
6.281672419577256916e-02
3.823947216495651030e-02
4.106474270391087533e-02
1.224560114594189057e-02
-2.002186774552135867e-02
-1.597869410403071969e-02
-1.622669623550805282e-02
-2.404925523266969456e-02
-3.346916293646013535e-02
-1.047576097646093878e-02
-4.629607673391777228e-02
-3.402979292324172927e-02
-1.224505096010005539e-02
-1.190686842653736199e-02
-4.530417105248041310e-03
6.970073536608735118e-03
4.431212678349545284e-03
-2.022979918075009167e-02
2.539099551251877002e-03
1.138311179635792710e-02
1.309625590960878001e-02
9.144741193080761082e-03
1.195794809769995873e-02
1.235869986157331173e-02
-7.159258644314631104e-05
9.202656050966342288e-03
2.104983636558216062e-02
2.235007570221279535e-02
1.027961461652088584e-02
7.680932565683321923e-03
5.808381418620776546e-03
2.037986761379844032e-03
1.258083412285572467e-02
1.731158582420933706e-02
7.777043419050312656e-03
8.859855867515177563e-03
3.550337746988704163e-04
-8.197586059680225801e-04
-8.712338261438532308e-03
5.438365582243255905e-03
2.694187920672558821e-03
1.526496153308535067e-02
3.531901217579177382e-03
-1.388899328784309536e-03
-2.540445416534113307e-03
-7.373613454330431131e-03
-8.731295164937261793e-03
-2.386466207415990914e-02
-1.170460788284934106e-02
-6.790640841108879291e-03
1.134307700457134332e-02
9.290465305055133419e-03
2.463493972159499709e-02
2.608728885494055946e-02
2.651448655474892072e-03
-6.663651470913689590e-03
1.257019179990269062e-03
-7.188341151311158049e-03
-7.855541606330666837e-03
-1.031581821322348404e-03
-1.369981445666415380e-02
-3.667696898332682698e-02
-2.005644872007044527e-02
-1.440198773156843581e-02
-1.567458907517377958e-02
1.015114684617593813e-02
3.404472910659113449e-02
2.528299787718151642e-02
1.512721615632650791e-02
2.217460151433561441e-02
6.429961850245880309e-03
-7.703694511786946669e-03
-9.588048153112687516e-04
-1.357333628107306248e-03
-6.546974675461888354e-03
6.133154793234059203e-03
2.075028447399892423e-02
1.491032925222607851e-02
1.506031352252595358e-02
1.547964546712403758e-02
8.265607671271588131e-03
-2.212667776303667809e-03
-4.181277854209626381e-03
-9.945116016041789797e-03
1.342598148097741070e-03
-5.303682020895899261e-03
-7.731414142047857672e-03
9.397399907724078919e-03
1.899796702060141049e-02
9.942818518079812526e-03
1.157767663347739583e-02
1.655684588483626735e-02
6.075282917246800640e-03
-1.375613508722583513e-04
6.869764283994718793e-03
1.755931621256366648e-02
1.716673051176867762e-02
1.222154724981948208e-02
7.741421373637352027e-03
-2.191427997368784047e-02
-2.632846846402518703e-02
-3.692298761662973078e-02
-3.058255920511850079e-02
-2.555112475134546646e-02
-1.000152389099667662e-03
-1.121134712160430473e-02
-2.597120033821084112e-02
-3.270141034643073846e-02
-5.729160183641004989e-02
-5.338995143894795237e-02
-3.465104292764034644e-02
-2.393068950773921330e-02
-2.474188794199971494e-02
-4.284476985796238646e-03
-1.375675167596505932e-03
-1.602860613346112836e-03
6.665699173126208438e-03
5.041758753210728514e-03
8.575246676224253586e-03
-2.061416594413532227e-02
-1.733288938824862485e-02
-9.546646489493928675e-03
7.892635444291406024e-03
-4.920300593524822019e-05
2.181794021828669869e-02
4.958406127075772052e-03
-3.235593475779659309e-03
-1.256462185424623082e-02
1.785281483747893846e-02
1.229851380076447953e-02
1.673981987914304956e-02
1.116893851382907976e-02
-2.245413973158671625e-03
-2.672635816218962845e-02
-2.703990856441957844e-02
-2.182188278611594742e-02
-1.052590704459631550e-02
1.139673046874098601e-02
2.578320221619355077e-02
2.798540057473767120e-02
3.140707586569151111e-02
3.029210012737315605e-02
1.531698496956215676e-02
-3.563126104517521167e-03
-7.100208454839746809e-03
-1.831057084114792732e-02
-2.457273954323284382e-02
-1.834999443933577751e-02
-3.210282492461369493e-03
1.038990889986273619e-02
6.593641322640048270e-03
3.352706058642905551e-02
2.823419305246708741e-02
5.780877086962076666e-03
-1.836986103960503054e-03
7.270195516992589493e-05
-1.412452794319141169e-02
2.544854363837834033e-03
2.789574803388040689e-02
3.237452919426518638e-02
3.312688166923107025e-02
2.894271353597254945e-02
2.775420894535489749e-03
6.315812036936699000e-03
5.233144728786233088e-03
1.161481759205711291e-02
9.046625053014425294e-03
1.313140861824084980e-02
2.501130852670503061e-03
1.398209736355585965e-04
-7.307603389777223707e-03
5.070426010335875658e-03
2.146399074167263527e-02
1.873407018398024620e-02
2.102518917753042407e-02
2.190167537062662553e-02
1.227938577267844583e-02
-4.839980871829890202e-03
-4.731200689152623498e-03
-5.490245875858125110e-03
-4.489059317017736819e-03
-1.563357976968936941e-02
-7.593694260501950531e-03
-3.228263778475052529e-03
-1.290576570357772519e-02
-1.797345499938463737e-02
-6.490723953759165721e-04
2.244809871455545267e-03
9.464095760369588533e-04
5.168404119063042118e-03
1.909758246979575969e-02
6.125558166095244894e-03
1.473217786062494018e-02
1.572785115276823659e-02
1.580226463797865244e-02
1.300748422959199097e-02
1.323195193745828335e-02
4.159856218283798993e-03
-3.868916978924862634e-03
-4.972931623881498425e-03
-1.293863259258333856e-02
-2.960805547775223132e-03
-4.843461121286765647e-03
7.066474625884505353e-04
1.365017352236419859e-02
1.750004849799736972e-02
1.543604111127200827e-02
2.418653345533613302e-02
2.103675000081882060e-02
1.617788240327656946e-02
1.166960169174462159e-02
6.960736706427205281e-03
-1.736957276141668904e-03
3.346235032123357715e-04
-3.067716479068829157e-03
8.315917569396459597e-03
1.678702309302945728e-02
1.865869916185022848e-02
1.276558673989521692e-02
1.142289822981229150e-02
-4.959140255224456055e-03
-1.078300238843795528e-02
-2.182874206935798977e-02
-1.421643130578352336e-02
-1.271501723534808857e-02
2.482644258471094351e-03
-1.179748560339785937e-02
-2.753946254956704358e-03
-6.255848014320719574e-04
-2.007448030818263958e-04
-1.106990647058193888e-04
5.860331111410847435e-03
4.258868095342203605e-04
-5.850679060316849728e-03
-2.369084122708568774e-02
-2.877268389983247271e-02
-3.045598991779722639e-02
-2.846039208243690208e-02
-1.966147260280659559e-02
1.346276086061195046e-03
-4.316087622466689006e-03
1.456254477639242796e-02
1.741802635950628550e-02
1.429643095570880436e-02
1.608168316350280791e-02
1.764854046040002095e-02
1.453215287628400500e-02
2.085511172264267743e-02
2.396349521151590334e-02
1.044612272989540666e-02
1.630333735454320490e-02
7.032322154440164355e-03
1.011287420877323220e-02
5.808959197282517403e-03
1.594815544661701279e-02
1.392784193346555295e-02
1.616823490684886691e-02
6.852930146726375106e-03
3.394919719779136615e-03
4.187068857806235285e-03
7.390053073320962743e-03
1.113190406084204470e-02
8.797997193680857919e-03
1.342250073998802785e-02
1.142469661430712234e-02
1.151900481499315912e-02
3.210116228868422315e-03
1.764337629952547268e-02
2.250545515769622473e-02
1.617649954024883915e-02
9.799196899710736069e-03
8.844361947078105413e-03
4.674304976758384897e-04
-3.740654413465387736e-03
-3.031773809124526688e-03
5.087190159514913546e-04
5.591717094900534868e-03
6.415055014642179199e-03
7.088956922163240290e-03
1.301614124326514951e-02
1.217211749444394898e-02
1.316404294037936892e-02
1.037146956402157892e-02
1.120555606250095773e-02
1.332464696616519895e-02
2.307038646421745443e-02
2.430928404219603184e-02
1.882827301894945959e-02
2.279339869607369812e-02
1.484211367831404435e-02
-1.289398044228326056e-03
4.950213150839270076e-03
1.159529841551058642e-02
1.014923343898897073e-02
1.054028203543243281e-02
1.550572195471672764e-02
1.666591591887336618e-02
2.029624772155930873e-02
1.251367616383328857e-02
2.073324591923239590e-02
2.448108068848619048e-02
1.880796578008686257e-02
-1.134080332558324092e-02
-3.143616732802738747e-03
-1.502114654384784781e-03
-1.552751531983646849e-02
-1.225437293191554769e-02
2.459416669441599756e-02
1.345995235926666402e-02
-9.000349952512519749e-03
1.424764743914576533e-02
1.579793483578213059e-02
9.987169541425735143e-04
7.306914274645558323e-03
2.685886219835770944e-02
8.338859268229572783e-03
-4.779992458176346090e-03
-1.518557136526278370e-02
-6.247231646707360198e-04
-2.588141323485436754e-02
-2.582946727395299055e-02
-2.485266829724303017e-02
-1.457255706225919073e-02
-3.031714532137615506e-02
-5.037131219978020422e-03
-7.486693048811466147e-03
5.540867369268271878e-03
1.430620686702474900e-03
3.657305674107771357e-03
-6.534065351148315645e-03
-7.441500439913099202e-03
-2.095887098573111923e-02
-1.235834205196522165e-02
-1.746624312633341530e-03
2.075381722553936228e-03
1.887040587072456865e-02
2.465573286705713407e-02
1.264017132535400455e-02
-5.237934741042608866e-03
7.340164375604012886e-03
-1.665450473084266469e-02
-1.640998443644270388e-02
-2.616749096415269676e-04
1.312357364734053310e-02
1.935348912759663614e-02
3.454780350624667151e-02
3.856228275428159880e-02
4.422940091156701836e-02
2.946473252257419614e-02
5.394661048299809712e-03
6.257965079157142528e-03
5.913339663613738709e-03
-9.192219116012423363e-03
6.482679344765264820e-03
1.324520796419223663e-02
1.482284520575908628e-02
1.043748623227507520e-02
1.491625159583976658e-02
-1.558891597029728356e-03
-6.310208359264792705e-03
-4.871586949504604080e-03
-2.494994325161871765e-04
-7.864574471864282934e-03
-5.078709146702794705e-03
-2.019999892696709362e-02
-3.882699137651072357e-02
-4.900233920893960066e-02
-4.126366540257203619e-02
-3.761741845801198914e-02
-2.635965444422804990e-02
-1.148334064247272940e-02
-1.454100472785676418e-02
-1.416229731079344384e-02
-2.844257305580533482e-02
-3.078940354462206264e-02
-3.909728768143135025e-02
-2.720629541623831998e-02
-3.663668200264220964e-02
-2.925408290216509680e-02
2.214481083597820421e-03
1.844539855674828116e-02
1.197314719942399464e-02
2.856470694438924263e-02
1.324300617278130823e-02
-1.112218507252340019e-02
-3.303087112084717586e-02
-3.345469618030734449e-02
-2.704185494141385371e-02
1.105582051618997710e-02
1.337356038325154817e-02
8.785204265095325482e-03
3.751757185215445073e-02
2.617174072529645373e-03
-3.456095335824485582e-03
8.108480801287358888e-03
2.084156980806641662e-02
9.819277585131989255e-03
3.261909735353837880e-02
3.504313185894653015e-02
2.693828193434696927e-02
3.505764117434709976e-02
2.114042523494306589e-02
1.625037878288234164e-02
5.562707109525890162e-03
-3.619152839624212650e-04
4.167050943674723701e-03
6.218111897202787883e-03
1.066216888911391061e-02
8.415683393518733416e-03
1.396052304794188209e-02
8.837442051053688227e-03
5.981575773091460900e-03
3.350798146661464975e-03
5.130177753531490331e-03
1.472637672093954700e-02
1.279847400022697708e-02
1.150432289746312203e-02
-8.088880987347842055e-03
6.517296283824365599e-04
-1.211175037360118743e-02
-5.087298299543355912e-04
1.015278588836326934e-02
2.873723410025564445e-02
1.714799490119761627e-02
1.154484830346783758e-02
7.435144190388058485e-04
-1.553387500474645924e-02
-1.119201787087248205e-02
-1.499812165561284667e-02
1.855958682115067121e-03
4.469196748272995581e-03
1.232964669077049949e-02
-2.512920366292307334e-03
3.284728097855053701e-03
2.261581281872144904e-03
1.024833477209746366e-02
1.071803113174153547e-02
1.451900850452817263e-02
9.790129516483676853e-03
1.945525905491477837e-03
-1.311463247155025304e-03
8.848213712055351052e-04
1.400557804824909686e-02
1.925914124896311447e-02
1.439542002946936697e-02
1.275246199965304056e-02
9.567253361056023142e-03
7.066498861733427721e-04
1.007782172844368974e-02
1.088015002290652899e-02
8.571020952303550627e-04
-3.242606722149950823e-03
7.190406609787146006e-03
-2.077596340097471149e-04
5.744625768395921275e-03
-6.417520730115238575e-03
-5.248626286239390856e-03
-1.149510912166873053e-02
-1.132082259991920754e-02
-1.884966020051640628e-02
-1.113687901652591489e-02
-1.108524202965427419e-02
-1.207508394496895759e-02
-1.691425504003738270e-02
4.387423826696625756e-03
9.026930751106266443e-03
2.107974394782556604e-02
2.110311771942766090e-02
2.607959687829912096e-02
1.717188976599739320e-02
2.725623168369361096e-02
2.144511330762551710e-02
1.755392947157121894e-02
1.685471669466597627e-02
1.210343804114898114e-02
1.660344632736508036e-02
7.860170968733978109e-03
1.386873154918846079e-02
9.742279256744966823e-03
4.593760869408324531e-03
-9.398217755506451179e-03
3.042177962740286006e-03
5.338209965874182294e-04
-6.453100016513312661e-04
-1.923806446562442100e-03
-6.309201354147675987e-04
-7.187013410423884890e-03
-2.131571625835684131e-02
-1.235937165622430847e-02
1.851440358985427526e-04
-4.455898398015279392e-04
-7.481924966231212268e-03
-2.164319616517083530e-03
-1.260858318911998316e-02
-1.225620549256495329e-02
-5.941883023262534494e-03
7.656650190834718992e-04
4.736528750688750143e-03
8.660834302287229169e-03
-2.965430980824594956e-03
-1.378835573412462087e-02
-1.901479144271085026e-02
-1.114403366205172705e-02
-2.588369431411823018e-02
-2.552943140899306684e-02
-2.592267083765786850e-02
-2.163608305599301618e-02
-3.266784481630181924e-02
-2.641350378664096207e-02
-1.703594125281902155e-02
-1.070946422662005793e-02
-7.885410181957144479e-03
-1.607723006146826459e-03
2.722121815020591556e-02
3.219242280044350146e-02
3.897806997263653095e-02
4.295797625936929182e-02
4.376814109461761582e-02
2.928509482943365133e-02
1.638855916339434018e-02
1.425942121836246135e-02
4.289462097646672828e-03
1.502121680916571750e-04
-7.457510890095379874e-03
-6.786586976492272293e-03
-8.136741541694398824e-03
-7.071578413918590614e-03
-6.178752762030653017e-03
-1.994557525960271097e-02
-1.336965742040289659e-02
-2.877663092221384097e-03
-1.224301617296968871e-03
5.478180785152084870e-04
2.266896521349849244e-02
1.408418851706622413e-02
-8.721141385594965642e-03
-1.232616986763525324e-02
-2.290429754673094231e-02
-1.941256927010359332e-02
-2.506811160552781248e-02
-1.396750919384459437e-02
-1.016424848232781383e-02
-1.518691179806172867e-02
-3.082010627673537756e-02
-1.098905293879277531e-02
-4.538220505524800767e-03
6.570666351207264839e-03
3.041308261493691142e-02
4.621073692963664076e-02
3.385546677431463397e-02
3.607792507318758474e-02
3.032760571744660266e-02
2.597984201630616427e-02
1.830567056060305314e-02
1.944013088028921296e-02
1.526669588774932397e-02
1.058861653698772547e-02
7.573974743041686150e-03
5.311081744285662230e-03
-1.662836867581058212e-04
-6.252686138726172398e-03
-1.032858563021007633e-02
-6.202642993809211538e-03
1.690715476875824172e-03
6.355192679102123453e-03
1.058249922817290634e-02
5.039043583632839968e-03
2.515187080534077128e-03
-1.144937861052442579e-02
-6.133427099387060537e-03
-2.463126756195530009e-02
-1.750422664310627083e-02
-1.286448951660977905e-02
-5.326014354629701048e-03
-2.215548314599315172e-02
1.631159548448659832e-03
5.494843341732642307e-03
-1.497959283533065828e-03
3.950604673068161023e-03
1.054116677026839186e-02
5.380639732849400517e-03
8.918555005030057853e-03
9.808222771575232646e-03
4.916476533518490157e-03
1.111531977262429118e-02
1.036180876418744609e-02
3.497323382457640743e-03
3.963023346975412357e-03
1.113464074875712174e-02
1.302044972298485592e-02
1.069040598144849891e-03
-1.017410192155588158e-02
-4.148596855729600082e-03
-7.993354191096920663e-03
-4.865050176471465149e-03
9.296028124700024195e-03
2.922048280748829399e-02
2.615721738027599469e-02
2.113917093618657497e-02
5.922783743438629275e-03
1.787005518401700403e-03
-1.258382962518776391e-02
-1.326786927267768930e-02
-1.343862461373845907e-02
-9.482486692483343277e-04
-9.757657524789638270e-03
5.125588032069127234e-03
4.945016641618666178e-04
-2.529705094991076351e-03
3.060276500229001245e-03
1.110485811413784718e-02
6.188814614545666906e-03
3.327339152253327471e-03
-7.257736777919489117e-03
-1.425120601874194440e-02
-1.316734404506350598e-02
-5.622932949104656603e-03
2.515505607098967797e-03
1.900839274265951617e-02
1.670354551078835278e-02
1.873721153733735531e-02
7.200441678836358786e-03
-5.458288674960610348e-05
1.033458598852158086e-03
-5.822750382023173313e-03
-1.502040463593373905e-02
-1.507824893924365056e-02
-5.202403008139265712e-03
-8.882278199797272872e-03
-4.701106155361489333e-03
-2.942909822397341262e-03
-5.866057161971718198e-03
-9.507017210543540486e-03
-1.269519506804774739e-02
-1.315914111739467998e-02
7.231451284723557082e-03
2.660589898613450674e-03
7.546789144956709758e-03
5.926007903872250113e-03
3.579112064421499997e-03
-7.135405059203354938e-04
4.712579350226524591e-03
-1.061851794346848135e-02
-1.052863517502439748e-02
9.836670548190883795e-03
4.910856590195823539e-03
1.456710777992245923e-02
2.257617111440219509e-02
2.480194779697093149e-02
-5.317068249674986730e-04
-4.892538279886825617e-03
-6.938075378498040346e-03
-1.359890717136467281e-03
7.256307353443079906e-05
1.210432828018905872e-02
1.055822256363100550e-02
8.150045679634706011e-03
5.157775770263640924e-03
5.789461493256497365e-03
1.041869124818705847e-02
1.177308409668128934e-02
9.320602198756664653e-03
6.746268047839071823e-03
8.103047263814236456e-03
8.250289061293525003e-03
8.038775068351619243e-03
-4.865420938066430598e-03
-6.565775660946491371e-03
-1.256878069074508948e-02
-1.991999397195939880e-02
-2.224127139792125840e-02
-2.203571805780418780e-02
-1.525773660976090414e-02
2.117805665273779156e-03
4.897558324148875916e-04
7.144502467901854906e-03
2.385180927878554832e-02
2.356119828501231084e-02
1.676552897481662849e-02
2.150888784424530992e-02
1.616137275028857109e-02
1.411000781562127618e-02
8.518997285630477978e-03
2.450903084258497251e-03
2.941769160674569897e-03
-2.574735337209493706e-03
-3.495580068730970436e-03
-9.055009254340663479e-04
3.700379070874751548e-03
8.666794943979390115e-04
1.226028303462618416e-03
-4.846455113548096653e-03
-9.422885441886586985e-03
-8.982538933650370538e-03
-1.456791215644042195e-02
-1.524529102255629473e-02
-1.214773440180301131e-02
-1.873273184494162608e-02
-2.940510284554867168e-02
-3.041685751376588948e-02
-2.377442440965804593e-02
-1.787683700667169057e-02
-2.039474556168676539e-02
-5.469018937512106979e-03
-5.842492556815435251e-03
-6.223322433218455782e-03
-2.227797812404260294e-02
-1.859429567652196025e-02
-2.295480920151342016e-02
-7.787172267522385512e-03
-1.582444783712470132e-02
9.030236748670560955e-04
5.437057045302352495e-03
-1.626096486700583967e-03
-1.755066964630740134e-02
-1.887789711733471598e-04
-2.472888407302585578e-02
-2.630217539370709526e-02
-1.464060087617728885e-02
8.201266818277626672e-04
-7.923065933004212053e-03
1.594687534043556093e-02
3.129639070393309963e-02
2.233203945273254040e-02
2.639476084685511009e-02
2.410347848092071407e-02
2.630277239845349446e-02
2.590512611982627444e-02
2.367986545092460801e-02
1.140912767308873733e-02
1.714703088523973629e-02
2.091711528215056681e-02
8.736210875317916569e-03
1.226714944479555605e-02
1.280379832063227065e-02
5.445120862136783313e-03
4.062954134720336147e-03
3.100401872107002091e-03
-5.073488715335156257e-04
-9.980923342340044385e-03
-1.158128914188370079e-02
-1.723151744275442515e-02
-2.039114221843749131e-02
-2.150894497727932897e-02
-1.741202859958246654e-02
-2.351649799989934814e-02
-2.788647705382141934e-02
-9.411390152258345201e-03
-1.209207348732043927e-02
5.090654862585965341e-03
3.042600788831150913e-03
1.638871920331509864e-03
