-6.509434363743021520e-03
-1.146681204469105798e-02
-7.336695972765472189e-03
-1.483036992484919846e-02
-4.444285407614824782e-03
-1.036591635221761898e-02
-7.982689958695951896e-03
-1.322185828299982883e-03
-1.240568975200307018e-02
-2.389981998093747978e-02
-4.069822678305777541e-02
-3.355438692212709545e-02
-3.193449050611064932e-02
-2.403699659316369669e-02
-2.950895136266883101e-02
-6.526140513461685215e-03
-9.167200586245274896e-03
-1.586708548516593473e-02
-1.442118407398058390e-02
2.447651136836372435e-03
1.184630584323694696e-02
1.407775196186269659e-02
1.588375967351860277e-02
9.969546906255651389e-03
-1.782690330650406330e-02
-4.966626222281098763e-02
-6.466068162706672950e-02
-4.671675391016165413e-02
-6.177868725934015925e-02
-4.833028494098393774e-02
-1.300223122818400939e-02
-1.527782824931752173e-02
-7.508059402806391280e-02
-2.927679084998023942e-02
4.493097108135394452e-03
1.429492621540768074e-02
1.314259612134306698e-02
5.019765833316137960e-02
4.194170190686214578e-02
7.485435167487507722e-03
-4.736749257283888459e-02
-1.404541656179066240e-02
5.958859261546132352e-03
-5.732035552093226946e-03
7.942002330002043142e-03
6.035861312616933039e-02
4.458604123907684846e-02
2.543080642903533181e-02
5.120979044848407435e-02
3.707468239892550838e-02
1.410191266244524566e-02
1.522616187612845125e-02
1.365368629343801515e-02
-1.070189417550892856e-02
-5.622352972580691929e-04
1.210375507983607254e-02
1.616824740868030158e-02
1.490475605222638111e-02
1.307590321565759058e-02
-1.762107178620328507e-02
-1.372076300075663821e-02
-1.509915379026649691e-02
3.315626718637065123e-03
-3.993079562338478807e-03
-1.588464309970720120e-02
-7.417356562018223576e-03
-1.647214200556331234e-03
-1.000967221262243079e-02
3.081699659186630438e-03
4.318035606916107577e-02
2.262462852059853036e-02
2.291729560501897661e-03
1.911900195350947889e-03
-4.269489361897025811e-03
-2.024808525901114833e-02
-2.624218313149632303e-02
-1.060968032297838169e-02
-5.684355868109626161e-03
9.960663579372096982e-03
1.788328082634799490e-02
2.590286749671959557e-02
2.398033273339207974e-02
6.827686533058124896e-04
-2.022822313656499893e-02
-1.387189691521426710e-02
-3.345348811420396223e-02
-3.899892779382264224e-02
-3.276364208136640921e-02
-2.152569942501149358e-02
-2.093864489839764378e-02
-1.951969915203593045e-02
-1.006265635318889101e-02
-1.711774417629579031e-03
-2.219717268766179669e-02
-1.621971358316560627e-02
-5.319243466516861141e-04
-4.103257364222316281e-03
9.632242313780315160e-03
1.504185463181373361e-02
-1.320421020551486302e-03
-1.587444931387384239e-02
-2.936808916182502213e-02
-4.431426853347542744e-02
-3.097170492891371252e-02
-3.795807013735397889e-02
-1.232882372299767479e-02
1.049369729310143003e-02
8.774896157269250485e-03
-7.360753285895381415e-03
2.352651539004563079e-03
-8.096059481954485937e-03
-2.744561297920964510e-02
-2.047246003950886628e-02
-2.002292598289812098e-02
-2.413905187027867022e-02
-2.822023510734660359e-02
2.965656139312499578e-03
7.630038974761660722e-03
3.851413796434229042e-02
5.012778654125685240e-02
5.491415062509941158e-02
2.639253840244252039e-02
1.452663474443174028e-02
1.391609962459543302e-03
-1.277298476062204736e-02
-3.305907461904418476e-02
-2.194203624027428814e-02
-1.739488161991287543e-02
-5.251447344720267321e-03
-2.724405779210360354e-03
-2.427586136051623766e-03
-1.580453078936192718e-02
-1.364426131385258062e-02
-1.417088885414260861e-02
-9.733000657524333923e-03
1.242353039615482196e-03
2.400703507885802029e-02
1.797701287374589563e-02
-1.131510166861731531e-02
-5.025729610999091213e-03
-8.941809344461320794e-03
-1.019031707534990942e-02
-1.891296080225036286e-02
-2.437254372305344002e-02
-5.276159554775049221e-02
-5.383191669927547135e-02
-1.253118821067540356e-01
-8.516449500782473370e-02
-5.139133893520166085e-02
-6.403506419787347026e-02
-2.714466879787082523e-02
2.140851005064851181e-02
-3.340652956394835060e-02
-8.145128413854155203e-02
-7.013039077307806068e-02
-5.993720500231873582e-02
-3.896589317246276080e-02
-5.436547795238722870e-03
4.436115906324043789e-02
1.006943281715410726e-01
3.653796411740192068e-02
3.557772948808539393e-02
3.878156649327358513e-02
5.166900846815746656e-02
2.668329405225357970e-02
5.034522893008909483e-02
3.607345077433141839e-02
5.408452997349331298e-02
2.921300851190280351e-02
2.151043011190870158e-02
6.851434598663309894e-03
1.442700574308644970e-02
9.713745029261651454e-03
-9.512838675681679901e-03
-2.515084598706461214e-02
6.115978658813667895e-04
2.154633476284202598e-02
-6.903856307380162871e-03
-5.763233575448686516e-03
3.351152144139904476e-02
3.052295094058531805e-03
-3.721162278445564603e-02
-2.506178774487730423e-02
-3.032135639268855772e-03
-1.147503320271345099e-02
2.393512908022924629e-02
4.120884031411176790e-02
3.444170560817549215e-02
3.998868847259975240e-02
2.211455269740598625e-02
-1.214849867368460873e-02
1.201020972096223521e-02
4.685820302737500262e-03
-7.588237819297269197e-03
8.884522678958239189e-03
3.659243478727831900e-02
4.084821402143464127e-03
1.383305227373438431e-02
2.035192854482913150e-02
4.157508935188018034e-04
-6.672643525632056781e-03
-6.190483238746712601e-03
-2.064900999853699209e-02
-2.603798725764397068e-02
-1.707230230319125089e-02
-2.635073331217588008e-02
-1.028819676641859991e-02
2.434951964036234651e-02
3.049872106457707580e-02
1.167348849171569170e-02
3.942167536965916069e-03
-9.891295917197230961e-03
-4.085324403198409976e-02
-5.648382644971526589e-02
-3.946010877209704670e-02
-9.436903810660101505e-03
-1.881265331091650644e-03
1.171997053325676483e-04
1.043868282749207607e-03
1.921747433921785347e-02
7.970043027323759147e-03
1.067815981431727637e-02
1.183660880274286717e-02
3.883361457283631551e-02
2.434233746293918907e-02
1.513218789910249912e-02
1.352389337434804772e-03
1.952789130574427920e-03
-2.437907680969651769e-02
-2.379792004639169622e-02
-3.461446089976638607e-02
-1.620555090395357778e-02
-1.948669755544784471e-02
-1.010739238656674713e-02
-1.390773257699117089e-02
4.877106819060279645e-03
-3.257293939657848140e-03
1.030248747555890035e-02
1.824264728317789158e-02
1.284919539631997586e-02
1.642562997632493471e-02
-3.462893330649415707e-03
-1.779996180659779853e-02
-1.313751352881316337e-02
-6.549104999297337623e-04
-1.083656746724309325e-02
-7.432942586598102232e-03
-3.050252897929206942e-03
-7.345649035791846151e-03
-1.194069042192407067e-02
-1.064952556913061760e-03
8.270626680317395840e-03
1.566368541592582514e-02
1.582877264231078579e-02
1.055232607617632296e-02
-1.454038174384469917e-03
-8.447322378236879481e-03
-2.548741452292760390e-02
-2.635801050038089413e-02
-2.574095741502679599e-02
-1.045345635581391985e-02
9.089638891268701781e-03
3.022983322569185866e-02
5.445143997296149688e-03
2.313263830113137381e-02
2.732528139625358191e-02
1.448880750121731356e-02
1.287445679862270556e-02
3.488716546572999400e-02
2.232585161976654436e-02
3.218755933626798495e-03
7.356838225708376561e-03
5.039231010802822965e-03
-3.926631936178860000e-03
1.323451705973630911e-03
7.766073194649558697e-03
1.203581644315044122e-02
-9.678615608150874933e-04
-1.540719085525021816e-03
-8.005239375731394713e-03
-1.833722151716869059e-02
-2.294710386960438844e-02
-9.960337753395907823e-03
3.515409780178668786e-03
3.362727817869209240e-03
5.010303398041871838e-03
1.118366419115972114e-02
-3.069695516548013453e-03
-1.376683705817018794e-02
-3.569706127341244067e-03
-1.393678596626929389e-02
-1.396903729487139652e-02
4.393033016334943995e-03
1.538414452931363696e-02
6.632980515837077172e-03
1.774943416402915627e-02
1.587794479882082346e-02
3.856915591947040686e-03
-1.318563975078310829e-02
-8.719626059282174074e-03
-6.118789317830278934e-03
-1.626554170289788714e-02
-1.303102624945006935e-02
-4.905075609859158026e-03
-1.792447102941188350e-02
-4.512310892648137978e-03
8.511858310769910424e-03
2.677315621718535238e-02
2.229545017413360128e-02
2.499645846900704071e-02
2.203554139057168487e-02
2.309118539603901774e-02
9.552813148556285605e-03
9.745322120811451827e-03
9.009379040672907402e-03
6.338854901534211536e-04
-8.106017326083989755e-03
-2.059436829689167622e-02
-1.404505074740293978e-02
-9.415575693695471537e-03
-1.388218683081500135e-02
-2.395114108139227010e-02
-1.346392125563806649e-02
-2.633250984693441543e-02
-1.638389682591134128e-02
-1.637206672832241042e-02
-1.174000858165199015e-02
-1.188869023142243020e-02
-2.213556484355241449e-03
-2.794641616285129665e-02
-3.817724438699309636e-02
-6.066021099267725203e-02
-3.539871725283266074e-02
-4.832415551868902981e-02
-4.194600476138646283e-02
-4.098007245459205777e-02
-5.500090335943230713e-03
-4.622972699496561561e-02
-1.521512261926300999e-02
-2.644052880723515159e-02
-8.683227318731308667e-03
1.101308958281528583e-02
3.119121196152961281e-02
-1.834918162423226917e-02
-3.102133655449378080e-02
-1.542435554804039849e-02
-8.779018345372591181e-03
-1.819778735147626822e-02
-8.580927222562196449e-04
6.241013231234129183e-03
-5.543121612896821648e-02
-8.865733458911337350e-02
-1.414204148771825431e-01
-1.218111496439988062e-01
-5.331839728522729666e-02
1.576121652984876012e-02
-3.023403756252641614e-02
-2.509637415118397274e-02
-4.160548902459020038e-02
-1.038873998026718509e-01
-8.025408222257499058e-02
-2.011154808942984540e-02
7.590518157236481045e-02
8.037759652411435862e-02
1.170679660508228137e-01
1.962514264186948632e-02
1.455734124616103742e-02
-5.033329092046932851e-02
-1.200700259302426437e-02
-3.640434875245296409e-02
4.732325334374715836e-02
5.879278187546804757e-02
5.482029480117033005e-02
3.349241178072202146e-02
1.855965083371885482e-02
2.030882124860968613e-02
1.756761059741606540e-03
4.748531653280500114e-02
2.249931862656308346e-02
4.539251107383710654e-02
2.447000570429387623e-02
1.371608145597291023e-02
-4.870248447599617725e-02
-5.076802073452903880e-02
-4.556197789370190071e-02
-7.248660136317508496e-02
-9.939299091564454680e-02
-5.952847502763882609e-02
-4.825572989777321409e-02
-2.882186649594779132e-02
-2.875260307842814056e-02
3.579038045811470947e-02
4.460726917217050502e-02
1.825663751360919254e-02
-2.444921490586032115e-02
-4.465413472913189186e-03
-3.665952466471442822e-02
-8.556380673646048207e-02
-6.874982167936878608e-02
-3.759924860675559893e-02
-7.838334982276017049e-02
-9.208321566747861009e-02
-4.473281177843134448e-02
9.681603052248879265e-03
1.212787726147960231e-02
-4.717709289068373890e-03
3.382522503161459332e-02
5.500228490110387058e-02
7.683477142995882685e-03
-2.419491221588682822e-02
1.575461535609978814e-02
-1.777432338113655447e-02
-4.260752667447404579e-02
-2.690300119704687812e-02
3.594986324245205700e-02
3.908444184856153802e-02
1.018077233428617834e-01
8.088920784076497617e-02
9.907445263958644666e-02
4.382252155656999465e-02
5.015054099876443960e-02
-2.763882559677937299e-03
-1.259844794984734360e-02
-1.619488088432643330e-02
-1.940999173554092475e-02
-1.052982157629181979e-02
-4.544656616109474939e-02
-1.048729433086342810e-03
-1.571863367258472671e-02
-1.344439355569586846e-02
1.239082908456568682e-02
5.202860935833519829e-02
2.491993216455697449e-02
1.024515737694025284e-02
9.363108693618268918e-03
-3.087124090173004598e-02
-1.482192518788124150e-02
-1.827159611187100657e-02
-6.933532562294548660e-03
1.402892704540715900e-02
2.469501781735166171e-02
2.786718877756912821e-03
1.612481587043309433e-02
3.321868941637082240e-02
2.022619265804958405e-02
1.505230835901795461e-03
-6.244281078890613623e-03
1.196754033578786500e-02
-1.098478442211238068e-03
-1.390190982197345073e-03
7.756846571393298528e-03
1.080207901485101540e-03
-2.333864700363234845e-02
-3.724054751208374231e-02
-3.810843855456987755e-02
-5.451261998003154724e-02
-3.760252618795541235e-02
-1.837160047741832891e-02
-2.437457772686514590e-02
-3.431831043215259613e-02
1.265506432328451607e-02
-4.161525831678411155e-03
-3.577799402250325667e-02
-2.415027218631925904e-02
3.038057096629484186e-03
-1.189275293950566026e-02
8.508775612310063435e-03
4.591433408588901227e-02
5.445085170923186918e-02
4.078131977720387408e-02
2.787185320666445837e-02
1.549478279518043920e-02
-1.119933457843856790e-02
-1.900982529807910756e-02
-7.745248570960604900e-03
-1.335915658553411302e-02
-2.986160560771701934e-03
-9.471949457812718631e-03
-1.335774380364481914e-02
-3.939082804149932060e-02
-4.393152239148451904e-02
-5.439820282296603526e-02
-5.547433132306624215e-02
-6.921741359516404846e-02
-5.844642201943205106e-02
-8.209143004946026223e-02
-6.830111970125768428e-02
-5.424546010513933703e-02
-1.208197023828135042e-02
-1.012407012099368793e-02
5.820165028375036409e-02
2.827834825264751925e-02
5.443574954976335145e-02
5.100572383709735258e-03
8.874573211005553491e-03
-3.035241729165833943e-02
2.179355687881291345e-02
-1.716329160599650711e-02
3.829203251175410973e-03
3.522337662881284536e-03
3.116522724168164366e-02
1.630053506728468965e-02
1.160244796076255122e-02
2.096512818448895143e-02
3.139655492907122980e-02
2.542574344900259964e-03
-2.938587175983712815e-02
-1.792755806099421978e-02
-3.235693930986480171e-02
-1.937021244033487397e-02
-4.630103081393386819e-03
1.048752318491164015e-03
-8.327805960736803237e-03
-4.070009799860697941e-03
-4.590015328209180734e-02
-6.985196222143924549e-02
-4.878053745332892877e-02
-8.076791327770588280e-02
-1.945448571040140490e-02
3.107362221233699040e-02
8.000463418859066200e-02
8.187907416964551599e-02
1.358787766912322725e-01
7.692069264951943708e-02
6.951840820463309201e-02
5.625818450621884736e-03
3.915137190787493400e-03
7.329581087067270871e-03
-9.766810112829822643e-03
-4.032466007046237727e-02
-3.534609264520090915e-02
-2.073446754332687950e-02
-1.052158260342368756e-02
1.119981811980776641e-02
2.815587065236792655e-02
8.549268157497091902e-02
4.872813072382492505e-02
2.836771687224719923e-02
8.502361778411581666e-03
-1.652950113974025999e-03
-2.219691066732946277e-02
1.235610562429314239e-02
-1.684745720610995867e-03
2.233434463463285224e-02
3.345242497674963400e-02
5.501577320486068789e-03
-1.929559305745585235e-02
1.461056787624309163e-02
2.574750681536736550e-03
-1.026299790565137447e-02
-4.859158333037479245e-03
2.106744225455983027e-02
-2.585586293175354614e-04
-1.323946468024659803e-02
-2.525613858008065107e-03
1.375897009046662955e-02
-1.623721715812806877e-03
-4.493011377015783056e-03
2.070607863453020198e-02
1.985501187627296271e-02
-1.162873441940036334e-02
-7.100275626768764135e-03
-9.758172872120097346e-03
-5.149005928250863229e-03
-1.723835800360627724e-02
2.943811616760533267e-02
2.464896513769528757e-02
2.482013380380630740e-02
3.103036712576043299e-02
3.041644710380952965e-02
1.334415002713237874e-02
5.056180797775853587e-03
2.505338033348268253e-02
-4.836458240108001266e-05
-6.562872252790091787e-04
5.702725879385518899e-03
1.379232149500972046e-02
-4.031365458829726245e-03
5.747372663842788623e-03
1.864348221826688662e-02
1.359323169494280892e-02
-7.186941360661096984e-03
6.269461684313588044e-03
-1.577549499088989893e-02
-3.139157159024345833e-02
-3.362293283499494939e-02
-2.197515369608023933e-02
-2.243681114745818897e-02
-1.396728060187967663e-02
-2.417623540657310235e-02
-1.510902112924551906e-02
-4.190151136236081909e-03
-1.144735741084186402e-02
1.075759144502638071e-02
2.729878888417262839e-02
1.185883940666163962e-02
9.933446608740570394e-04
9.059940483659101318e-03
1.287447020202763144e-02
7.069390628198924352e-03
5.509285276986352307e-03
6.876631428313752757e-03
3.714011482070381578e-03
-2.038765346244155591e-02
-5.548564407117581587e-03
2.302882646256073848e-03
2.266675917297440723e-02
1.413904961989442821e-02
2.551059426908586919e-02
1.392290790428303560e-02
1.329679009903420028e-02
1.781692681552439136e-03
-7.971339132651682202e-03
-1.180770125065247304e-02
-3.875035122594142935e-03
-1.724439734127743151e-02
-1.488040970778958458e-02
1.198139629396183410e-02
1.851012034164145614e-02
1.555423381548895999e-02
2.673749261679748274e-02
3.413097000990004265e-02
2.370541483984338685e-02
2.258402466631394268e-02
1.545706839699911503e-02
8.740057923617585919e-03
-3.380052387196624299e-03
-5.051208182190568795e-03
-3.955168000556461352e-03
-9.557204659527288385e-04
-1.896102702116092900e-03
7.010617259267234655e-03
6.442552678107844877e-03
1.315486769934284816e-02
1.202832275874819029e-02
2.283222719758157965e-02
2.064457367091068751e-02
1.405263878799668451e-02
-2.349017962660182590e-03
-1.554495513831514152e-03
-4.567492490299437588e-03
-7.295763756923297726e-03
8.198225986240667215e-03
9.572787728372517818e-03
1.694579382873194137e-02
4.520466273404201082e-03
-7.703965882176569760e-03
-1.814450072008244597e-02
-1.327196030675336855e-02
-2.641959832064911737e-02
-2.374694756393719991e-02
-2.042862044825616979e-02
-3.137515689707524869e-02
-1.598961120612393122e-02
1.640627168476833583e-03
2.773241761487763024e-02
3.028947271637325023e-02
4.321932176090659272e-02
2.356170977560088226e-02
2.459347339773045038e-02
8.619738868041520660e-03
2.136212739274991057e-02
1.443189709548543809e-02
2.320239964444618247e-02
5.962921587488992717e-03
7.625686866636786215e-03
-3.375405263585179016e-03
4.190397372266008169e-03
-1.922773877791433481e-02
-2.319478230031575203e-02
-2.446819026113424000e-02
-2.239921859403338003e-02
-1.841166535392661091e-02
-4.654248496638322199e-03
1.421379641359675830e-02
1.139976624116362941e-02
1.894307366795894981e-02
1.334404780362601593e-02
8.799045369359638491e-03
5.402916925207825946e-03
2.061353032571332233e-02
2.121117445367788276e-03
3.412017311923255282e-03
1.565501778073532732e-02
1.122207508715703135e-02
4.581801261295726305e-03
-6.681264297798521212e-04
2.206970557846803845e-03
-1.009352582090141531e-02
-1.497551313664153769e-02
-1.789859622010901360e-02
9.975659984425259627e-03
7.800030253602265387e-03
9.887638550213122268e-03
1.225058221668256543e-02
5.449375586938321955e-03
6.278192215815428176e-03
-2.258267705743124097e-03
4.930188452781579869e-03
3.913384116894708976e-03
5.603004937921535547e-03
-1.144854950807781997e-02
1.598893221422216168e-04
-1.297084855385850777e-02
-1.077004282000623182e-02
-4.452283334423964671e-03
-2.710170691713954371e-03
-1.069727555734412486e-02
4.327085732752942136e-03
1.512298898455432736e-02
1.477206001867059811e-02
1.732829496107056791e-02
2.459689385745298870e-02
2.057147768131600482e-02
1.361154475543863152e-02
1.165911793464176338e-02
9.697913157814583296e-03
4.088919317211142657e-03
-3.939467228377442273e-03
-2.100869144869095886e-03
-9.781260097245118162e-03
-1.421432354473579213e-02
-1.455540783690171223e-02
-2.596728219315799432e-03
-8.513754074423450155e-03
4.824582935612567458e-03
1.527734665802759836e-02
1.324486500398413744e-02
1.110064057446070312e-02
4.634495921259435686e-03
-6.056786212502646323e-03
-1.619922452373142793e-02
-1.169207418260761501e-02
-9.599952614342033980e-03
-1.469369418129877307e-02
-1.583936619788577430e-02
-1.452406284861791803e-02
-1.276379727875456491e-02
-1.569971048092134308e-02
-6.162003594163500617e-03
2.729321290086522342e-03
1.202401137059219000e-02
3.274345138338164395e-03
-5.457672609717450357e-04
-1.529247158155937203e-03
2.110067939229989982e-03
-5.948517328514268260e-03
1.274477296992615298e-02
1.058948795568549067e-02
3.101457310396885797e-02
2.307708547769255977e-02
2.601904611043269477e-02
7.880956913994156127e-03
1.445758835555028404e-02
6.639089577820480627e-05
-5.062583908252182505e-03
2.803174798877583300e-03
9.583070480046284798e-03
3.874815175372236901e-03
9.520776118153644746e-03
1.214708563948751346e-02
3.696005670095290491e-03
4.183839312569587361e-04
4.453991145321654910e-03
-2.530035077840746272e-02
-1.768312654261562991e-02
-3.142995877275991945e-02
-2.521621950712731736e-02
-1.966271318056588002e-02
-1.069777420633434041e-02
-1.118731918284495558e-02
-1.808733734370629453e-02
-2.524310443803607501e-02
-3.360908779566748605e-02
-5.540641133636069887e-03
-1.372074446268457988e-02
1.668144410959939913e-02
2.160124461819454625e-02
1.752740463216476835e-02
8.446960375479132047e-03
2.450510725644334045e-02
1.665317346580670252e-02
1.350520270718079570e-02
1.874828955569663932e-02
1.775247657680937771e-02
-1.372336927113976777e-03
-2.768423145632767021e-04
8.521124178347475389e-03
1.139779265511450639e-02
1.171204750496392111e-02
1.207730793026749218e-02
1.460808502971644440e-02
7.181126467531094917e-03
5.637089922344716737e-03
1.465372591413726094e-03
-3.397890059241017238e-03
-1.150558946634289322e-02
-1.772727702659881305e-02
-1.325083633055991299e-02
-2.581453363244212360e-02
-1.851109151568939432e-02
-4.061406145316066862e-02
-2.055193944077031432e-02
-3.487174215095684843e-02
-1.391335501707528961e-02
-1.266210056325290517e-02
1.773045977063288786e-03
-9.087860073447726755e-03
1.325892087791887518e-02
-5.651489148405549126e-03
-2.344116541791699000e-03
5.865097402622411644e-03
8.152026392433224522e-04
-7.519592220349472465e-03
5.606648446635499952e-03
-1.579099818312104317e-04
4.289270687406680597e-04
5.737892055648969453e-03
5.450660661074276450e-03
1.030344336281859008e-02
1.839303812111349468e-02
1.496840145299122363e-02
1.136596785764827471e-02
6.600684031352025034e-03
-1.308729248208405707e-02
-1.030861428950316863e-02
3.563453791021135159e-04
1.603605731433935472e-03
4.849907204082609842e-03
1.544449460335805061e-02
2.217944527072916901e-03
-9.801738850126152577e-04
2.200943616202843869e-03
-2.599965277138373537e-03
3.658175500471179311e-03
9.776359267564626795e-03
-5.049860335112607568e-03
-1.758577484677532193e-02
-1.948052286067632199e-02
-2.587016962114220553e-02
-3.190591707417435308e-02
-2.396265301114668470e-02
-9.902666992384234756e-03
-3.226988886216039867e-03
-9.882158097879787870e-03
-2.978783976625246424e-03
3.252825067774105326e-03
-9.264186275824270317e-03
-1.236789105490410795e-02
-8.962035288057848548e-03
-4.208372853491562302e-03
1.074231142218043042e-03
-7.956649036789525953e-03
-2.977416226454455972e-03
-7.922834457045190015e-03
-3.347071053329127646e-03
-4.809022948377621696e-03
2.576655799497676314e-02
1.986478437255763396e-02
2.957922850005146459e-02
2.394290961597349623e-02
1.182075138434574360e-02
-1.200234043189798202e-03
-1.718707495225961501e-02
-2.320817370996663270e-02
-1.794920795811933562e-02
-2.199551975919673136e-02
-1.951667613862168374e-02
-8.426538449638755826e-03
8.263623546611743170e-03
1.791194765962402739e-03
9.945189411346699870e-03
7.939563085796311204e-03
1.561617161010354915e-02
1.258645120759164029e-02
1.113374271681769057e-02
1.284400816143100275e-02
2.071186264153741796e-02
2.729502428094159050e-02
2.861889484699969496e-02
3.177783340334017909e-02
3.794877690699340056e-02
3.125870783376601125e-02
2.355820238757201993e-02
1.242768705896290897e-02
4.284153392367292916e-03
-1.275271135703132672e-03
-1.161944991339970441e-03
-4.390208028463549704e-03
-2.174155058165792159e-03
4.068398596394498003e-03
1.007013763764275788e-02
4.596199818084646498e-03
1.372095038936429340e-02
9.583437083329012299e-03
2.586316745026978441e-03
-2.813779044278374129e-03
-8.398484543657994822e-03
-8.958526072745014515e-03
-9.149290594935898316e-04
5.470998608644683618e-04
1.766702407526379859e-02
3.049127233399061970e-02
3.014984997614947315e-02
2.543597887557855555e-02
2.759771471908576898e-02
8.377307689728975826e-03
7.900239305037000739e-04
-1.265654421685665984e-02
-1.530898917906151589e-02
-1.485866730596657748e-02
-1.634942576327873959e-02
-1.265035538934566189e-02
1.569432638706601442e-03
-3.977846590419334243e-03
-2.595494006586906207e-03
-1.580475294962337129e-03
-1.349136981049341849e-02
-1.554385682936871779e-02
2.963327818736182125e-03
5.485835478036344554e-03
1.904908337342316703e-03
2.364149512886468130e-02
2.367363469666890902e-02
1.891246525060212569e-02
1.824809811583344085e-02
2.469147425015374292e-02
9.115818239659751604e-03
5.206739914971740893e-03
3.385171962167045877e-03
1.022609154457889032e-02
1.134935649904487281e-02
1.817334136807468442e-02
1.110870425710294880e-02
1.288524143510164782e-02
5.927654686711696271e-03
-6.928575692737435308e-03
-1.468116353650138553e-02
-5.886822268049443641e-03
-1.607971369589692237e-02
-1.085930387100442727e-02
-4.041028236238193398e-03
3.522071194787225294e-03
-8.300146453933569118e-03
3.447940042716041674e-03
-4.628720930754471122e-04
1.327742370618879147e-03
-5.700668081204478786e-03
5.407194960530043240e-03
-6.737661117078076224e-03
-1.330590678999459334e-02
-1.141729702891045202e-02
2.959958306840391150e-03
-1.248561898431744827e-03
5.152690595302105055e-03
9.932653603761385994e-03
5.962867548428407022e-04
-1.204006755157611443e-03
2.157448228528626756e-03
1.035182332086325395e-02
1.102616424443782911e-02
2.133864238725213455e-02
1.412457441639871497e-02
1.251899783248682646e-02
-5.313015814789620248e-03
-3.666271931591460684e-03
3.219940986532512928e-04
-2.504658052240460973e-03
-5.855734190261995854e-03
-4.671715786959445421e-03
-4.987230787563150594e-03
-6.883879896863345609e-03
1.238722572677738824e-03
1.078486607882891621e-03
7.227706691943266981e-03
1.041547366020974252e-04
-3.636707847525952070e-03
-7.081401676839815286e-03
3.992990331616255370e-03
5.959479896852359904e-03
1.089694013877927359e-02
6.122828396619571685e-03
8.236079478088242922e-03
1.292405161069554685e-02
1.415530597097707302e-02
1.124813973409132146e-02
2.224295940565017282e-02
2.593691127458679080e-02
1.803775596776454118e-02
1.498013321548892669e-02
1.851030255138809422e-02
2.057017827328016385e-02
1.237343207486716473e-02
1.261154186732451124e-02
1.250569732241576040e-02
1.141458550567770770e-02
2.573901968902379735e-03
3.761412534595014092e-03
-5.152709730488936810e-03
-1.288648125357054822e-02
-1.701019222199188358e-02
-1.001605961400068093e-02
-1.840655128675890151e-02
-6.458431893338285879e-03
8.615721474394784970e-04
8.551195594729634614e-03
5.874697252744393028e-03
1.174522424103276001e-02
2.077612758676116670e-03
6.607921034555435010e-04
-1.056444340150483260e-02
-1.082013821492497363e-02
-1.043783731975771352e-02
-2.137569498051316089e-03
-1.177822465753500247e-02
-8.093769363839141764e-03
-1.187251079960309659e-02
-8.376695295472027028e-03
-1.265936717590111261e-02
-5.524017969087100487e-03
8.124298397129206539e-05
-3.889632072231534628e-03
-7.245727135291745238e-03
-4.019035702229452334e-03
-2.082562544755251367e-03
4.846925920931395571e-03
9.484074412684529234e-03
1.673562541456545885e-02
1.408435214840373165e-02
1.552201566695909571e-02
6.674607514706608000e-04
2.704812359348311539e-03
-6.369468032365949856e-03
-1.865315795024229464e-02
-2.983767090403713351e-02
-1.848694633200613849e-02
-2.837819892338105943e-02
-2.576687451475266621e-02
-8.685143937658302768e-03
7.800246872564338754e-03
-2.082258961130789999e-03
-6.783657532379309268e-03
-6.118752351340606653e-03
-9.864261805490734045e-03
-8.724545724122316145e-03
-6.817854140815614306e-04
1.434399706712673889e-02
1.242700585787388269e-02
6.377108991933444493e-03
-1.455251433265461990e-03
-1.837560311031285164e-03
-6.608607621304641265e-03
-5.329454520548656225e-03
1.246075132295751961e-03
1.506420504624534501e-02
1.408310423260650257e-02
1.730560749712669807e-02
2.139024421791019953e-02
1.700273730225285163e-02
4.455268056314481799e-03
6.467385504608599671e-03
2.912204299330833392e-03
8.721951570913167792e-03
8.987884913221170363e-03
1.007852551278891687e-02
1.575062409955359927e-03
1.227324744741315789e-02
-1.457818174873050550e-03
8.388479313126827753e-04
6.181598699547761686e-03
1.395723924693266851e-02
4.269225581409007500e-03
3.152649346729850983e-03
7.121393107075906469e-03
9.339243843403087497e-03
4.267788399986011984e-03
6.970240841326463301e-03
1.577290995673272245e-02
1.366241757043680852e-02
2.756635762272644646e-04
-5.634931622171745688e-03
1.631812539539761672e-03
1.920045467123921139e-03
-2.346018665762854196e-04
1.601596734748212889e-02
2.753450455932279078e-02
1.939658987873269999e-02
2.331152941683313495e-02
8.781560472962163244e-03
1.370151788633838449e-02
1.114460004291700258e-02
5.207913319477073047e-03
3.111988514549599971e-03
1.946699805394938934e-02
-2.485483199640764126e-04
-5.393679615329280766e-03
-2.994607608483794859e-03
-5.869324425866579396e-03
-7.270140995112527559e-03
2.081584803238722969e-03
1.077750761359033346e-02
1.044208002546339296e-02
9.237745768160431428e-03
9.283362828934488623e-03
7.696658418898376375e-03
3.825127153834307486e-03
1.347371562339662668e-02
1.296740632454690748e-02
8.539830876356372877e-03
6.133773031117621850e-03
1.004219057019722222e-02
6.771986866874184219e-03
8.440953988223767746e-03
8.075684413445159693e-03
5.815824346479082224e-03
-1.863860691447605288e-05
-7.729760760129352273e-03
-1.589503262010562648e-02
-1.680527581962500128e-02
-6.229793347905113535e-03
-4.839409353394347017e-03
-4.179718552202641921e-03
-3.311919179651181492e-03
-2.584250250561200869e-03
-1.603343395311534331e-02
-9.335012054753417249e-03
4.093061875913052428e-05
4.468557258973943590e-03
1.021605786906388223e-02
1.948255510964365389e-02
1.294237243781945490e-02
2.305645236608644399e-03
6.063895961690719816e-03
6.963650186308656051e-03
-3.963695673926215766e-03
-3.453654565045303527e-03
7.963302358152426347e-03
9.027496291773844106e-03
1.010672311184654740e-02
1.458031911446553558e-02
4.161634201566385971e-03
4.086088666212309151e-04
1.053494587570594915e-03
4.300352441479214638e-03
5.688667121910059854e-03
2.303007751244170662e-02
1.702928636190984002e-02
1.177101650965397921e-02
8.854704560589997733e-03
8.609336728532366798e-03
-1.226829559767030585e-02
-1.950189762678024297e-02
-2.129238938653734217e-02
-2.335480596417705695e-02
-2.091086041443899340e-02
-1.589626961765697177e-02
-2.015554921128847460e-02
-1.641427173592403116e-02
-1.652776961938594649e-02
-2.194633520278800945e-02
-3.317119215742560245e-02
-1.938831212313062158e-02
-2.551710403029976149e-02
-1.503728539669905821e-02
-1.566177996286663085e-02
1.152410457160666160e-02
3.614556546805997722e-03
1.377064002746997834e-02
2.084650320004096530e-02
3.082013747013888361e-02
2.471226303717134060e-02
4.694354959525525589e-02
3.952760425251510695e-02
2.662964441023895484e-02
2.158305761772740319e-02
1.503949442180878976e-02
-1.547599184892577140e-03
7.622617980009351382e-03
1.683353029864864767e-03
-3.908046749509766840e-03
-1.803125635932492470e-03
6.707426258678805646e-03
6.165616884699664721e-03
5.087566949131573646e-03
1.416497391438009679e-02
1.855608375910905786e-02
9.297305144284728762e-03
4.517939408641114332e-03
-3.735665395010855615e-03
-4.760132323147517677e-03
-1.980913455608113508e-02
-4.528456533869634412e-03
7.781998070497510647e-04
6.006680101038493029e-03
8.667447239083352073e-03
1.928467531979302999e-02
8.169090050934794955e-03
-1.937476557822353238e-03
-1.616415761218690898e-03
-5.721473035799639652e-03
-1.393624982214907923e-03
-6.493582508130314214e-03
2.570405128223498224e-03
6.937581440432669458e-03
7.363097674402812980e-03
1.193691172341813586e-02
1.833759399918926877e-02
1.148558101332840253e-02
1.275718076228166478e-02
7.831600575938081274e-03
1.183421470233778083e-02
1.592655826213891512e-02
1.209143079072122137e-02
1.644701645236784290e-02
1.985919335884622425e-02
1.284012878432080722e-03
2.952955937845203570e-03
7.701501081184265393e-03
-3.635443763907228627e-03
1.516810382494207694e-03
1.791425598503842108e-03
-1.189985320099194374e-02
-7.350143090960470880e-03
-6.781848293709169875e-03
-1.391121403147999036e-02
-1.150658545430739699e-02
7.160366389079098406e-03
5.150750116164671578e-03
1.996713663289843843e-02
2.078617329329470603e-02
2.220538737963366135e-02
1.689596865002126330e-02
4.306880691472763506e-03
-4.763522389533864435e-03
-1.281124555240650571e-03
-2.346378610067997948e-03
-1.327372481681265634e-02
1.064383013209745966e-02
8.331383597019762985e-04
3.648677792984242850e-03
7.886271434725117269e-03
1.153129179604039413e-02
3.454311100799957197e-03
1.414286694684259264e-02
1.192481852709821946e-02
1.122765281642642936e-02
1.387206686320447725e-02
1.217344099393732372e-03
2.443013242171894472e-03
2.197805185093612904e-03
-1.136574302900887623e-02
-4.830770233767787969e-03
-5.141828890387401593e-04
-3.071548692154977764e-04
3.720143734867671463e-03
1.131447706178476814e-02
-5.353053069639169409e-03
3.918235562415313053e-03
8.362652482466819900e-03
9.282297388684013911e-03
1.578626876873934215e-02
2.584626728991007774e-02
2.319246270224642470e-02
1.536902615570285430e-02
6.513546512314390829e-03
6.816313140599605802e-03
7.082852388515808659e-03
-5.340232543961419623e-04
6.131761153393870852e-03
-3.259809365030533375e-03
-9.323385952296635651e-03
-8.072411973604726176e-03
4.198068243577897547e-03
-1.194919726678824422e-02
8.685856195600010626e-03
1.155753003347256662e-02
1.414632911023980602e-02
5.041116823653478754e-03
1.025803969536513358e-02
7.062991326553868382e-03
1.963166453517293727e-03
-7.189844639576448149e-03
-2.699820744844120754e-03
2.982554233099429190e-03
3.750959427808887598e-03
1.072922167521244037e-02
2.174238046766655691e-02
1.142817863410532965e-02
7.007043815554604010e-03
2.378200490176163567e-03
-3.525116490069528808e-03
-1.803304843408736619e-02
-2.725618602033900995e-03
-1.266490103356021114e-02
-1.110278989640652025e-02
5.217420889830349552e-03
7.278654372079453906e-03
3.856351690088943504e-03
1.213898560442934135e-02
8.444639827408922939e-04
-2.992610620051323889e-02
-3.792740616013465238e-02
-4.341448788738744985e-02
-6.940506893828865542e-02
-6.326380086474894804e-02
-4.403670931467473793e-02
-5.427736375732464258e-02
-2.906954324690471519e-02
-1.569827872414981951e-02
1.074973449676386306e-03
2.334058278778706336e-02
2.133348720853614489e-02
7.910518667894205283e-03
2.868732701516537795e-02
1.518952849000835582e-02
-5.002979698842825902e-03
3.144344478788502206e-03
-3.062092942668495112e-03
-3.302817603988012635e-02
-1.916027362801138445e-02
-2.481023248564748207e-02
-2.684839771317541063e-02
-3.558713667810935177e-02
1.008752876598310172e-02
-1.027332364528786221e-02
9.247258260985172229e-04
2.480044336480391118e-02
2.832323774083205306e-02
1.146575427451377790e-02
1.677707898083533045e-02
9.746010518315011834e-03
-1.043347537288462877e-03
2.397846196181476798e-03
1.871850488537430898e-02
2.452073827964924152e-02
3.514225239455655292e-02
4.008931550643719810e-02
2.574609521082307090e-02
1.686467227323168450e-02
9.469202396868292917e-03
2.122007740701855726e-03
-4.463109709600315833e-03
5.801168202224308255e-03
-2.145084394247297882e-02
-3.127056923932439170e-02
-3.378517448938937739e-02
-3.043819510886956389e-02
-1.419440204515507592e-02
1.022876916080292390e-03
2.117753427024934507e-03
2.304411561154925611e-02
2.939628368950734233e-02
1.700585754219955878e-02
2.711186178561020288e-02
4.365095432025947048e-02
1.605174739394947536e-02
5.045972072963277044e-03
9.314838730529455268e-03
-1.548312244921003916e-02
-1.441323661064186114e-02
-1.692634729096536075e-02
-1.071900911852006512e-02
-1.214337413567446664e-02
-2.572503133896280637e-03
-1.183664781533238543e-02
7.196813665614939723e-03
1.362257404425484819e-02
6.141005997526936648e-03
1.313586183336552457e-02
1.421097906980818386e-02
7.517414789384875215e-03
7.966095607908670745e-04
-6.226326589703689435e-03
-5.318811925082537161e-03
-4.209784639833550127e-03
-4.558044173000000421e-03
4.513180904451951150e-03
7.836128057904380440e-03
1.355547281846029850e-02
1.820499966352144214e-02
1.573754310451878913e-02
1.231653667943533037e-16
-8.160396044107459321e-03
-1.181911558195888369e-02
-2.294528395034282214e-02
-1.451549311590574418e-02
-6.276653753604929421e-03
3.255155649172044707e-03
-3.912463538774404678e-04
6.728526345555031069e-03
-1.086368096003005948e-02
-4.422377451125255980e-03
3.312414269304817666e-03
-9.351088495930606065e-03
-1.574215953771947174e-02
7.142083312174084785e-03
1.083399468965421698e-02
1.257172091338674622e-02
2.350932835664177115e-02
2.713651517704880611e-02
1.075306473209426336e-02
6.119398085824242529e-03
5.544561684019230947e-03
6.754814285070279492e-03
1.219498450706460457e-02
2.258253375973338223e-02
1.777455433061506454e-02
1.926527224168437732e-02
2.567885627369683593e-02
2.319148825291599686e-02
5.894281467187944060e-03
1.258205931756092161e-02
5.652755616347530931e-03
-3.410533027981993990e-04
-1.021162253910771903e-03
1.202509006768348598e-02
1.038427371136586147e-02
4.667421468057980985e-03
9.255701712324640971e-04
-6.394004209688291043e-03
-8.658452825646357348e-03
-1.051432325423215346e-02
-5.756415004338740274e-03
-2.079748038205857068e-03
1.582055890982907859e-02
1.855673506539791059e-02
1.443285819576636472e-02
1.327885184394243800e-02
9.760091184975375547e-03
-4.879715966230679415e-03
-9.235324098245697652e-03
-1.475714924651178907e-03
3.748066683791451831e-03
-2.645061777769706912e-03
1.661433359064071798e-03
2.582896174555018767e-03
-1.121875225076958416e-02
-1.854039880903521342e-02
-1.135294541498349172e-02
-2.520001825950661176e-02
-2.890174512122294440e-02
-1.239734354804612748e-02
-1.494832097351300911e-02
-1.656879315404511874e-02
4.955244618996997030e-05
9.989928275613107339e-03
9.856425702269634194e-04
1.356299703440547871e-02
2.150583600424951780e-02
1.791990835905343804e-02
1.143541737721830674e-02
1.662513740596752859e-02
1.561583575180798197e-02
1.733795138935972577e-02
1.412108378652820843e-02
7.702070053188252510e-03
9.845934745055639342e-04
-7.138424568116478325e-03
-1.293612971571185891e-02
-9.638620030143518411e-03
-7.744462170027366019e-03
-1.757170262016322093e-02
-1.933765378682151398e-02
-1.835820402284635278e-02
-2.537052863540431580e-02
-9.091609691109281410e-03
3.033913636270302132e-03
1.112573242863656824e-02
3.158303144747446993e-03
7.084396076623332428e-03
-3.183227202303626387e-03
-2.885180859251625790e-04
-7.226511072638264893e-03
1.912660739728202141e-03
1.762121851357201230e-02
9.455502007783792018e-03
-1.476141070972433918e-03
3.451517732136360518e-03
2.309602334004044483e-03
-1.784687091027600120e-02
2.055594178785901879e-03
1.322302768120254407e-02
1.242271804234485952e-02
1.657129129254100719e-02
2.647179073187121146e-02
1.016743892391437643e-02
1.132856030136520850e-02
5.618983158499410782e-03
5.578223480748292946e-03
8.084072972239496682e-03
1.359988790454759108e-02
5.733391094681654018e-03
1.420567931858189754e-02
4.767831845760524268e-03
-1.003273265706034270e-02
-8.178457588435493128e-03
-2.807895144904418248e-03
-1.506271213304570186e-03
-1.987712831572877037e-02
-2.963039368103737026e-02
-4.240084986729152072e-02
-4.559131732647803831e-02
-6.020996241496895385e-02
-2.376044951315116338e-02
-2.433485951057114561e-03
1.809882654980451283e-02
2.087217938162751543e-02
2.841056839806556031e-02
3.691182829806823398e-03
-2.563227261280818375e-02
-1.529044619140204272e-02
-1.852055958945847056e-02
-7.067720563490200239e-03
9.546510231466198010e-03
4.179267945124615080e-02
2.968603395467509648e-02
3.349147097233536041e-02
1.642494066373836881e-02
1.155624965509167990e-02
1.660874004438052040e-03
9.808729040541933064e-04
-4.965442241331341662e-03
3.743852880818724152e-03
1.161269717259212110e-02
1.543741373448956691e-02
1.149242053692580215e-02
1.725668031250586487e-02
1.536699936456247841e-02
7.870145013046156435e-03
1.523362188740387535e-02
1.841541809835985088e-02
1.238827860054695675e-02
5.613159486567663274e-03
3.764521100125083411e-03
3.768562038301012142e-03
-5.617170780840285982e-03
-1.056685328548832847e-02
1.951779319283389498e-03
4.461634773354636319e-03
-1.055367733947530119e-02
-4.718120746182237653e-03
-1.540949051291091824e-03
3.475846391352301577e-03
1.051733415091970006e-02
2.841449217394957649e-02
1.556997918418113677e-02
2.004816831329715721e-02
6.088313835794769910e-03
4.258470300064947159e-03
-7.325735631015135862e-03
2.789871973287316384e-03
1.510386548584910418e-03
8.425299384068610925e-03
1.138832390150833207e-02
1.232549822698091047e-02
5.753190597403271857e-03
8.637020087255222606e-03
-2.099660696599896410e-03
-1.064231437649480229e-02
-4.575877312165816529e-03
-6.813691139261632366e-04
7.705297586788951471e-04
1.679521644431410110e-02
1.412975801819373219e-02
3.972995501273846215e-03
-1.209936444170273476e-02
-1.773543073615270471e-02
-2.603738311250752488e-02
-1.460168283087504709e-02
-1.707594825858911591e-02
5.641209783230251816e-03
2.201530262661132928e-02
3.434517811573044310e-02
2.049653548192090918e-02
1.969589865808089174e-02
1.358191622123530555e-02
-8.138397577988253084e-03
-2.481367666677559633e-02
-1.731926595554840465e-02
-1.376309860403144084e-02
-1.847220036076381577e-02
-3.751752394412826742e-03
6.147887055860185718e-03
3.338941244314052280e-04
1.219795296849535832e-02
2.204517797186779718e-02
9.677187642851680163e-03
1.236294815511473737e-02
1.835687741700799125e-02
-1.341286273445475158e-03
-8.729604833767381708e-03
9.375373094872125126e-03
3.968155261404336664e-03
-2.237070604706359930e-03
4.258859682983388850e-03
-7.282579756413099653e-03
-8.622100110359104397e-03
-1.977225511902244715e-02
-1.100442604936591184e-02
-2.439719959389054574e-02
-1.732580452683615130e-02
-6.036863636763466212e-02
-5.782680037199337819e-02
-6.522709192079520490e-02
-2.155807109963510729e-02
-3.206907032590216450e-02
7.823743748177144561e-03
1.463018770543163954e-03
-2.742998965920349745e-03
-8.098662670891335069e-03
2.266692081571395831e-02
-4.629465274113585271e-03
-3.033847181856276151e-02
4.819426017170228699e-03
-2.655084085699629948e-02
-4.553222721401477963e-02
-6.800589904675884145e-02
4.280178502969553961e-03
-2.281823266436925485e-02
-9.387113786448179897e-03
1.409175418881772682e-02
5.608729526050135195e-02
2.538333795838112333e-02
3.858504445838340652e-03
7.546109574998360187e-03
2.578982731818372023e-03
1.702412354474619471e-02
1.517345736143192389e-02
4.401697959974770757e-02
2.233441418926579783e-02
1.617558302172449752e-02
-1.794431427431790113e-02
-2.909607279860493972e-02
-1.518490316921701846e-02
5.645285114328939431e-03
7.982893310765945549e-03
1.572078518542798647e-02
7.907827651168094357e-03
4.138187539154195016e-04
2.409601037687657960e-02
1.017762354061871322e-02
2.626863590333382292e-02
4.477098686209389500e-02
1.791819366430953339e-02
-4.188325365647330677e-03
8.888657060454632081e-03
1.562983933306454250e-03
6.228709682510761257e-03
1.605021569462509665e-02
1.576198850289022013e-02
9.436710419406069833e-03
1.975168767611611489e-02
5.303847498902433677e-03
1.753655116210268289e-02
1.485420961166537823e-02
2.661320064205636993e-02
2.024612593391458826e-02
1.571468903954434393e-02
-1.663072757726981668e-04
6.716455587586575397e-03
-1.726470987146210348e-02
-3.059389519580605482e-02
-2.826852223672704501e-02
-1.528023547889040441e-02
-2.974454141164975182e-02
-5.020615958201779180e-03
2.022934742171400221e-02
3.748172549133830384e-02
2.201561627444347663e-02
3.629713124234559135e-02
1.489134937776172285e-03
-1.981579374388219711e-02
-3.715665057707485258e-02
-2.803617475986735011e-02
-5.135906959831971347e-02
-3.149553902761123569e-02
-3.517174426110095814e-02
-1.929852957890404452e-02
-1.752749905679414771e-02
7.333927838745991565e-03
-3.500345713829318764e-03
-2.175230797924086398e-03
-3.485469286218959711e-02
-2.159127213275796597e-02
-5.779424602639806480e-02
-3.265203006921592321e-02
-4.636254865621032561e-03
9.706399319872277207e-03
-1.387560319737893288e-02
3.802645924190431459e-02
3.099961837836058207e-02
2.684765746337921394e-02
3.280288635182641854e-02
2.802068287212387820e-02
2.931453805261882706e-02
2.127126379147329521e-02
1.884958149719853648e-02
2.761135949654667035e-02
3.450357518344698143e-02
1.011223944194920843e-02
-1.889578230216851229e-02
-2.438371620296015882e-02
-4.479385067281016486e-02
-4.020455384216876926e-02
-4.287380052944694125e-02
-2.926892713647865144e-03
5.782855836806814753e-03
2.137077452706566752e-02
3.085576697056915951e-02
9.618626897784927909e-03
-2.074992246512363369e-03
-1.264772814393641011e-02
-2.269708219527800594e-02
-4.042397086038541920e-02
-2.334674384945170308e-02
-1.912195495874145432e-02
-5.346083572045168264e-02
-5.400970180832116024e-02
-5.284489623734437563e-02
-4.963134258217363065e-02
-1.082122020535910001e-01
-4.854042689209282779e-02
-5.775346875814456327e-02
-4.516843582585972072e-03
-5.556216519886329405e-03
3.707609521622226567e-02
2.496410923322107608e-02
3.982458317293013916e-02
6.805267765639996108e-04
2.693010277246968287e-02
4.017438814253392054e-02
-2.926897747981310055e-03
6.505798490986386233e-03
-2.683736560644369926e-02
-4.151887949220343932e-02
-5.430048744111144743e-02
7.131971137271618522e-03
7.996589788548443684e-04
2.675232508175903745e-02
6.222298976844044260e-04
4.100346944187074905e-02
9.581681774889503136e-03
2.293247779781777337e-03
8.957498088739924633e-03
1.728358154531836610e-02
8.856488341526667224e-03
1.999353193380466048e-02
3.056183937237034673e-02
5.631260546299008546e-03
-7.135423281446374999e-04
-3.061643266042772538e-02
-5.394762372922620730e-02
-3.738909939112790293e-02
-3.397848056299578728e-02
-3.183914027733771718e-02
-3.311011094453576720e-02
-1.349289412188564401e-02
-1.325913857339180643e-02
-1.291601738461562766e-02
-1.203722862152363515e-02
-3.888753586402439455e-02
-1.497878607190836903e-02
-4.077579621536676913e-02
-3.525691521190144756e-02
1.014069548874740878e-02
4.443249089022546089e-02
1.972990571111851721e-02
2.621492908056525378e-02
3.695952570921338942e-02
2.833394307678403432e-02
4.414908104167654390e-02
2.994500631545398209e-02
4.368395497544617229e-02
5.338852102491156715e-02
2.323880951894101779e-02
1.142888809754152336e-02
1.244918300971814551e-02
-8.714374170251839094e-03
-3.093164419946466126e-02
-1.400369057491340427e-02
1.035749485285960420e-02
2.561602788279840337e-03
2.695925461408844176e-02
3.726259491497302401e-02
2.140503307194200483e-02
6.166634232833188324e-03
1.168656108014450197e-02
5.729321679252633200e-03
6.159728065859485999e-03
9.023363009639812776e-03
6.079595058525381727e-04
6.030601465911737159e-03
2.016824792170088948e-02
2.030021771157854843e-02
2.779037809957218136e-02
2.969930549158587146e-02
1.910249928524291457e-02
8.362997593981454786e-04
-5.471711260345733449e-04
-7.213303697826875180e-03
-3.034516022625431166e-03
1.592480841536343672e-02
2.473688547578626815e-02
-3.273241070991337459e-03
-2.883803837258378834e-03
-1.129223760813885015e-02
-3.502730770060618476e-02
-5.115711279537724088e-02
-1.990082935882983226e-02
-2.119725188968389976e-02
-2.094053626947118066e-02
-1.317925096956772124e-02
-1.320223627489357926e-04
-1.652902709059134514e-02
-1.206976098715592874e-02
-2.453242061388066428e-02
-2.187681866582217097e-02
-3.877648453899147640e-02
-4.221816605390442401e-02
-3.475715270895306241e-02
-1.776367052748793751e-02
-1.422206569813449888e-02
5.920028671782526231e-03
5.853590434764664036e-03
-1.427988650566075143e-02
-3.186655824303193107e-02
-2.223126317073842451e-02
-3.952982440930279812e-02
-1.589805079844898439e-02
-3.388700158782417815e-02
-1.628615224701395262e-02
-7.314285136529753012e-03
-2.785710725274671146e-02
-4.324360156070592570e-02
-7.567267264820558628e-03
-2.142133257338743602e-02
-2.032636121000540655e-02
-7.215866388502968978e-03
1.885803178593373208e-02
-1.282710377994724857e-02
-2.833130139567061057e-02
-3.927228573948287477e-02
-5.063086144844788222e-02
-7.100226614416048354e-02
-2.253885319030492218e-02
2.158380548579704947e-02
1.941262586660531808e-02
3.650717978198255581e-02
5.648401026003473102e-02
1.427441978431669145e-02
-4.436544640688924387e-03
-1.711352086583899090e-02
-8.424333917959695231e-03
-5.372247529434395763e-03
9.207263537549309138e-03
3.922739861062472799e-04
1.429557358581026554e-03
2.511800323116944803e-02
1.199264393260864557e-02
1.204857785188095422e-02
2.480784459817278464e-02
4.080838914785555466e-02
1.456027178786728667e-02
-6.858925502346211595e-03
3.644650959294648204e-03
-6.286641798652245830e-03
-1.666698140585801124e-02
-3.945275770159561990e-02
-1.419570133771048438e-02
-2.342825530199837969e-02
9.269854602779955405e-03
3.754273612058030805e-03
3.831383044924994291e-02
4.181788384207221765e-02
4.841587603192545192e-02
1.750066412425127158e-02
2.704963136074741911e-02
-5.168719781673502406e-03
-4.362518775951407246e-02
-7.282594971115111115e-02
-2.832999474820850627e-02
-3.717255038696157948e-02
-2.457352139309373212e-02
-8.183219732753514372e-03
3.303169552677039794e-02
-4.547041375778725081e-02
-7.473882643721146968e-02
-8.835745854187647408e-02
-8.602726801192084327e-02
-1.965022038300542895e-02
6.149075335179660443e-03
2.174918638279144112e-02
3.661484054376107355e-02
6.293631616124911732e-02
-4.285349795947075713e-02
-8.309021087293190500e-02
-4.654877652843107672e-02
-2.705232940441533451e-02
-6.492603928916559908e-02
-2.149300068086184776e-02
-4.881913437719268695e-02
-6.255913685969681504e-02
-1.273174921885398547e-01
-1.213363558072099030e-01
-2.363164318218673177e-01
-7.516458659376824836e-02
-4.690060824074085422e-02
-6.800865149342993909e-02
-1.107893542007242493e-01
3.274795785846970619e-02
6.042524515332832469e-03
-3.815441925419690156e-02
-9.531553058656314081e-03
5.697715324117732377e-02
-4.521058357447421683e-02
-1.058354270295135263e-01
-7.440816407097661234e-02
4.868530285297263671e-02
4.867603038079050537e-02
1.197210179054329499e-01
1.426490292682055794e-01
1.668836511483439144e-01
6.572377792587406897e-02
-4.507262975238478242e-03
-2.813862044982764349e-03
-8.906809864916574032e-03
-8.846434508083883541e-02
-8.008689504567634287e-02
-2.445148964638772099e-02
-3.070722775277874572e-02
-6.368048973479691066e-02
-9.012182703896955138e-03
-4.307126642519492482e-02
-7.317855492423591679e-02
-1.129224366299907134e-01
5.020964586063075830e-03
-8.902383023185298991e-03
3.604043755365519963e-02
8.673394225481240172e-02
1.258318988597050547e-01
-2.129422798286133983e-02
-1.167091544269793259e-02
4.157263675808231876e-03
-1.489949694618395402e-02
-5.725172588944948959e-02
5.610156428753009655e-02
6.078866386468946559e-02
4.622888865763859212e-02
5.265299205957090639e-02
5.547774247690877292e-02
-5.246173471218308973e-03
-1.661635115729609424e-02
-9.917727124722271886e-03
-1.330386330806337426e-02
1.517397872227875186e-03
-6.661351593812290389e-03
-1.239933622852784460e-02
9.301902459108550569e-04
3.322590450278730800e-03
2.635355781159028077e-02
6.452048131097919137e-03
4.387051561051680260e-03
-2.515027896283497308e-02
-3.407020712908253451e-02
-5.305449750701733691e-02
-7.528787583040423559e-02
-8.915651396259921535e-02
-7.015764236387542208e-02
-7.448347387351959836e-02
-7.253556470488231600e-02
-2.929648155035484772e-02
-1.686021025364620868e-02
-2.307534371111559512e-02
2.416709139932798900e-02
2.486309308979288424e-02
5.633984688391679985e-02
3.346469184399052804e-02
2.367799296125392555e-02
-3.166745051356235213e-02
-7.154058600395970385e-03
-1.562717349563444436e-02
9.217265561993624040e-03
3.371753499322678593e-02
5.482328786840422186e-02
1.160252155618413800e-02
1.346986956906948314e-03
-6.333644714675407648e-03
-2.412421528982797853e-02
-4.094201466734675998e-02
-4.341548922595376420e-02
-5.522504911797888189e-02
-4.472445500001518554e-02
-7.442749378803892313e-02
-7.118397520166420966e-02
-5.547570841651319057e-02
-4.017955564017738901e-02
-2.591518980598467303e-02
-1.528685549498046484e-02
-6.017997019397786085e-02
-8.309336732971853157e-02
-5.421015252410667229e-02
-1.036990850788403057e-01
-8.139480026932564838e-02
-2.327053111592731691e-02
5.621832240137999981e-02
1.305252990111264999e-02
5.032826625720798752e-02
6.124586946537045190e-02
8.689848038591252433e-02
3.748313171610714867e-02
2.966023963503409966e-02
2.784076872559224439e-02
2.348525728915320035e-02
2.272128455192566274e-02
1.400530104825427509e-02
2.473749445951529957e-02
2.797874366114775496e-02
1.446717252795143988e-02
-4.923429013798646947e-02
3.725659478011414394e-03
1.407883532863430168e-02
4.964872687609567237e-02
3.299748236078797747e-02
5.947812861109573468e-02
1.120052630664496174e-03
-7.638589445625624391e-03
-3.485499636136827478e-02
-1.015134645999496953e-02
-6.305073190165814967e-03
3.069070339449752119e-02
4.173561267646277301e-02
1.805721480825379227e-03
-3.761048123065557219e-04
1.557707984624220193e-02
-8.623318635990051897e-03
1.532372890434499646e-02
4.317960753421496573e-02
2.694404726865217911e-02
3.866524126096362174e-02
5.460154723698334295e-02
2.076467436189895904e-02
3.996343221660392936e-02
7.070025445730426794e-02
4.870379983344331337e-02
5.018395287243219982e-02
4.432260137962423796e-02
2.022348176987395427e-02
-1.491797699200363148e-02
-8.240854838987751382e-03
-2.588053858555017239e-02
2.476920879053091246e-03
1.275299754204658673e-02
3.113958801478105068e-02
-3.927405391424863140e-03
3.947880176100485722e-03
-7.857122880205014148e-03
-1.485662193815903698e-02
-1.827079206771323877e-02
1.652362106537864916e-02
3.176739892206012494e-02
1.469303228147567780e-02
-7.454985343854504676e-03
-1.367837490574513957e-04
4.674585447323381660e-03
-2.266856398675053813e-02
-1.625836819345621159e-02
1.210869517151932397e-02
1.695185735490173720e-02
7.656920641559957288e-04
-1.814237811459041075e-02
-1.745062440637963619e-02
-3.633087098237466200e-02
-4.141141734819449999e-02
-2.187187603767572902e-02
-2.147251370505159906e-02
-2.304219360080616771e-02
3.505287177327197357e-04
-6.632661495277914800e-03
-2.443375894210673971e-02
1.404788563077334282e-02
4.528782830067886248e-03
1.408266083092463671e-02
-4.312604494591216336e-03
-1.108889835777531439e-03
-2.334922100356838504e-02
-1.474628885124845169e-02
-4.729152740086173951e-02
-1.801540666009769989e-02
-2.609094238512843500e-02
1.714945117820755593e-03
1.203622828517594834e-02
4.862678051321357720e-02
4.768219902336139765e-02
6.145653842716936044e-02
5.588045713142021642e-02
5.587019596511359071e-02
3.330553578728970288e-02
4.439394865871214985e-02
4.190058900273505721e-02
3.156513028466338688e-02
1.056604932624993602e-02
1.190117208586849093e-02
1.562368175901581238e-02
6.924318289385931503e-03
2.080214434918131391e-02
3.100183110255785163e-02
2.166575873535225155e-02
1.263678474311173694e-02
2.638272833776671156e-02
8.442678725107720730e-03
-2.142799391868094316e-05
1.488717201949259737e-02
1.376265635643466462e-02
-3.726627814665236030e-03
-1.648346179541219231e-02
3.099253446433582540e-03
-5.761905990443413374e-03
2.313048958400357180e-04
2.862743009875984637e-02
5.266806167372899139e-02
4.812125550196479778e-02
4.194635913994095022e-02
2.343755832769663094e-02
1.188562961440935671e-02
-1.574770795416606181e-02
-2.038197365452510193e-02
-1.936602710559091195e-02
-3.641506910217447504e-03
4.938040074028104270e-03
2.613020775672688159e-02
3.802160480098851908e-02
3.902593261255330598e-02
3.240607222916142005e-02
1.722286242776185916e-02
1.898074759457173133e-02
2.365741508835385309e-02
3.473655216295119114e-02
3.169816933084065175e-02
2.275220562456382184e-02
1.973612580375591966e-02
2.981403229020808052e-03
-1.653805461687945025e-02
-1.768916367451619370e-02
6.077686434142595684e-03
3.319668981459284081e-03
-1.070736886888158483e-03
-6.220952257430736529e-03
-1.856888320828699659e-02
-2.775455690225970759e-02
-4.214577434187457422e-03
-4.881487507375505651e-03
2.093707272529850283e-02
3.412931592298625028e-02
3.633217834563495091e-02
3.148055495243617247e-03
2.840522771595419688e-02
1.318241061877649389e-02
5.467559857997491071e-03
1.359186805009877236e-02
1.715817007187647736e-02
3.423634592125118087e-04
-2.991277311405344738e-03
1.004530739651560145e-02
-1.714891413039485585e-02
-8.119209463876529698e-03
-3.434170948945541868e-02
-1.347512562219379574e-02
-3.849919350971237053e-02
-1.693873052375179794e-02
-3.200050386736064123e-02
5.398362300211815776e-03
-2.357936125240282267e-03
1.925988775839198447e-02
2.528258166685513897e-02
3.767560199663210624e-02
3.063458869025658532e-02
2.901538873368586860e-02
2.944905468823215411e-02
2.778505801221430038e-02
2.180388077980385808e-02
1.419592195740192186e-02
-1.669127400373537559e-03
-8.532636920501194058e-03
-5.066073083454875753e-03
-4.104993167145218162e-03
4.240207949790400152e-03
-1.407048688782077533e-02
-1.085958510134241856e-03
-3.125546975298955366e-02
-2.218801698307317632e-03
-6.995764370270777383e-03
2.263326262799315869e-02
1.451558048278297347e-02
2.285508961507116618e-02
-1.691498478206393541e-02
-2.345497024130492256e-02
-1.299582544674946633e-02
-1.148912953219449230e-02
8.657273973795426292e-04
1.193282867073731067e-02
2.212133031832481944e-02
-5.123277252440029683e-03
-1.239216760324348202e-02
-4.015313677098768935e-03
8.083399919395809277e-03
9.745061845106694001e-03
2.190933904895685930e-02
2.993192547277258309e-02
1.275799485191350668e-02
5.627868203695723763e-03
-1.183378525133040688e-03
6.848898583589312257e-03
-4.318920128601706938e-03
-1.026954997176837345e-02
-5.170126255008111564e-03
-1.434113030905822400e-02
-7.922125332342919157e-03
2.615359917309218862e-03
-9.674895557130665583e-03
-3.011315444374867978e-02
-2.833322776362175860e-02
-4.354135173301602185e-02
-4.378831052431236825e-02
-3.822501003612569642e-02
-3.614619461531980160e-02
-2.182806009179704548e-02
-2.455324987225494110e-03
1.212079942582300861e-03
6.819091939367368828e-03
-1.244606990998174678e-03
-2.490032426360836229e-02
-3.000314067520937905e-02
-3.299931104806726190e-02
-2.334200515519621946e-02
4.310389504839232458e-03
1.599502874538744068e-02
1.465945602199640249e-02
2.555209928336889258e-02
2.778652266024059583e-02
3.120427417723169866e-02
4.108879169288828098e-02
3.510001292781472770e-02
1.344819091131034886e-02
1.248658903198393046e-02
-8.846341592574909901e-03
-6.908053790710706049e-04
1.000190615158783741e-02
3.130116954031231247e-02
3.499778687119797088e-02
4.609622602089068905e-02
4.479351908034781560e-02
3.647141434459376386e-02
2.132417863784094592e-02
1.922411482670619010e-02
1.616969311841276458e-02
4.614571571121345132e-03
-2.285645131461786113e-03
3.225625530849316955e-03
7.088930808992173829e-04
4.493882852674045345e-03
4.327841890490280279e-03
9.004918853143332666e-03
9.421035735419580615e-03
5.882075636756606274e-03
1.496911858458233741e-02
9.319090773649410520e-03
1.166002257978209639e-02
-2.292093153710228828e-04
2.993960511030087108e-04
2.998399625344403546e-03
1.348051537326066043e-02
8.960366245563154003e-03
7.097155942771368742e-03
1.596455081655132752e-02
5.693225710610948231e-03
-3.240263597472964503e-03
5.917740712435417411e-03
1.946719871421662834e-02
-4.689543982906177466e-03
-8.656759064512709392e-03
3.811046110678742438e-03
-1.265673192279371910e-02
-2.779918409719497885e-02
-3.540348203216836173e-03
4.528914435524834282e-03
-3.165224755092240633e-02
-2.419212671360520053e-02
-8.419721930532225729e-03
-3.022317306162408679e-02
-6.142545138217293810e-02
-4.781002585925436810e-02
-6.004976787217608525e-02
-9.219988846697189933e-02
-3.032943483518813627e-02
-1.431346042439956417e-02
7.757343622943193434e-03
3.229921472618546563e-02
2.694198210844938463e-02
-2.345667663739449058e-02
-5.055762425307166325e-03
-4.277040671037150160e-02
-6.866824763291538847e-02
-3.874276469708893417e-02
-3.734426071822226356e-02
-7.157613346233643314e-02
-2.353926729980255692e-02
2.378307011930247752e-02
2.448592329391927752e-02
1.831393384456160220e-02
4.174201099306612539e-02
3.378114675574211967e-02
-1.340953201936347094e-02
-2.326203934476101659e-02
-2.651376610709504228e-02
-1.277708630203303920e-02
-1.521732310825106918e-02
7.327786678715635972e-03
2.589910267220056975e-02
3.701371365862594909e-02
2.944865021440475419e-02
2.337776946625691465e-02
1.672699412980672637e-02
1.847460425679873369e-02
5.580665018204630790e-03
-1.140519695611770697e-02
-2.969084643450283639e-02
-3.968547505362463035e-02
-4.386090761570827362e-02
-6.552747164859618056e-02
-5.183720828938187530e-02
-5.945631178369527314e-02
-4.217283183949965819e-02
-5.017630000240380639e-02
1.028428444115747978e-02
1.971527055510149951e-02
6.049490885444516741e-02
5.914868072103366542e-02
6.879244367657620651e-02
5.980680037593393006e-02
4.650101983417687102e-02
2.051091730174186070e-02
5.052576965198786810e-03
-3.625724148098370681e-03
-2.526429940223012469e-02
-7.432118729893525538e-03
1.947786612637758541e-02
2.935801644128341673e-02
3.863564034303334366e-02
4.307108080373860115e-02
1.995454508422468687e-02
3.767389604669149281e-05
-1.033064967710382517e-02
8.559624871378044425e-03
5.723716008685728572e-03
1.242321576918624902e-02
9.700595860919428853e-03
1.405067363594352491e-02
2.479719658205946364e-03
-3.731608232281529922e-03
-2.652675335865312817e-02
-1.875537401486795930e-02
-1.074691258414856021e-02
-2.515430309210210311e-02
-4.810264647188257706e-03
1.094041239939133776e-02
-1.046076186847585791e-02
-1.530015423525576956e-02
-7.858605048680198171e-03
-3.704763732685343453e-02
-3.717186093203331265e-02
-1.070705063219693290e-02
1.211956217546219031e-03
-1.835489879561756806e-03
3.999618937209052649e-02
4.993214954440688275e-02
5.148536657569282443e-02
4.466573779665067995e-02
3.434920768224595383e-02
1.172664532290640035e-02
2.267891498513306681e-02
1.343135351531390097e-02
2.295480081271777245e-02
2.908582137285482469e-02
2.292252586597329223e-02
8.319542856507993953e-03
1.253377023975347712e-03
6.626098741801570227e-03
1.579434782489254167e-03
-6.662517126939356341e-04
1.262717513310296184e-03
1.620635092013200315e-02
-5.207663575396924947e-03
3.944035717115330257e-04
3.129143797391115839e-03
2.703750070267999309e-04
-1.000785991480204057e-03
-3.126838225450847067e-03
1.023709317217960657e-02
1.992832632399879622e-02
2.024920409947193745e-02
1.150187255557166138e-02
2.073386649691923503e-02
4.567482437612505573e-03
1.154989759677793083e-02
1.143192381768090224e-02
8.062679833726403567e-03
1.228236419209986427e-02
7.443579252235685111e-03
-3.224038468771492361e-03
5.346018734958136141e-03
6.640594906067115097e-03
1.652964837629189139e-03
5.958886938519404597e-04
-1.457619334331602609e-02
-1.399137907623609380e-02
-1.159722656969305876e-02
-1.002924588745939330e-02
8.739943976008527488e-03
1.807859680985628506e-02
3.204584299597246222e-02
3.466828674540452931e-02
2.692328671247893462e-02
2.025416829711574468e-02
1.174153035941668914e-02
-8.152059082310710025e-03
-1.345085113707239835e-02
-5.072690118049995485e-03
-3.345446859447447074e-02
-2.160035407007511801e-02
-8.028427075042055341e-03
-1.111924156139001973e-02
-2.427693762113009024e-02
-1.786397747796805019e-02
-6.255692249046923906e-03
-1.217362907492368362e-02
-1.124418448894925690e-02
-2.311394179656088912e-02
-9.541370336704293326e-03
-2.584180971894937950e-03
1.198290975735276376e-02
1.342224625300790508e-02
3.874594668008830151e-02
4.944204313301119036e-02
2.658196208275507774e-02
6.980211140270857484e-03
1.171469345590624156e-02
1.556204132907116310e-02
1.413738323849110176e-02
1.502168300554848623e-02
1.250755832675784669e-02
1.006440880464466898e-02
5.241544491573023497e-03
1.023391679010125094e-02
1.707480623357688146e-02
1.936543832384383934e-02
2.308048973341287821e-02
1.763164866145277079e-02
3.220755564870662023e-03
-1.407029596812846631e-02
2.964166148266195178e-03
5.807795524310451103e-03
3.844926522734754167e-03
2.224922903023617525e-03
9.514065074471531741e-03
1.664424497465483155e-05
1.124517326814386542e-03
7.306744897920521356e-04
2.970083794810787596e-03
4.923873727159483286e-03
7.025463461270763793e-03
-1.230539125118957321e-02
-2.623807197112217743e-02
-1.778442184081714325e-02
-7.007856708409717847e-03
-2.316765513133720727e-02
-1.255661061984665594e-03
1.642903432835741973e-02
-2.530190217667240005e-03
-1.372112209116909537e-02
6.753359737222151826e-03
5.163204236383094753e-03
3.046386337107999821e-03
1.953121349139736243e-02
3.157920257482685344e-02
2.216023894001559538e-02
8.662180785097402247e-03
6.115036743650465768e-03
1.086219166571384884e-02
1.502770069679787174e-03
-8.937711201588881965e-03
5.437661872934106827e-03
1.113378580597154319e-02
3.309777977252128904e-03
-7.503251515822179085e-03
-6.697819319462282837e-03
-2.694850427695903022e-02
-2.788459623078665475e-02
-1.353851356227338612e-02
-3.464097299570173972e-03
-1.022418138152053624e-02
-1.452915806201428902e-03
1.427267554893731777e-02
-1.801310217338919842e-03
-3.375760762246985368e-03
6.548812093684561186e-03
3.779877080586790776e-03
-2.697123833195816042e-02
-2.736414711515823897e-02
-3.381028647023568562e-02
-4.790935275899716600e-02
-5.880929929817681895e-02
-2.585613883314555675e-02
-1.915742498576926758e-02
1.885584717467426660e-03
1.176490976574752836e-02
3.470560179339320095e-02
3.192804753693933434e-02
3.145130238272855761e-02
2.025626567974319822e-02
2.898902330175951239e-02
2.595467743043100572e-02
4.732937244962341639e-03
1.832019138359208474e-02
1.887402417901561449e-02
1.254694715801525813e-02
1.548069912293249112e-02
1.654929431295874484e-02
7.608365014244078753e-03
6.031285289574069529e-03
-7.116889491282240091e-03
-5.094844910706380382e-03
-7.284197324661388986e-03
-9.923877998241306675e-03
-3.074839542154717692e-02
-1.139845720102905351e-02
1.977927898651414551e-03
9.096965910967117971e-03
1.216715706797570108e-02
3.319036681217262669e-02
2.891534184367781576e-02
-8.502671151565740701e-03
-1.860777157475774352e-02
-1.751388781707168690e-02
-2.303787000761188183e-02
-1.057703774507613367e-02
-1.354520251263139317e-03
4.214081246830862770e-03
-8.552717260650906719e-03
-3.202321784435625558e-03
-2.658426465290240556e-02
-8.823957417839303416e-03
1.848584679017509225e-03
3.806529194080758745e-03
-1.493280788008966020e-02
-4.437253990096459190e-04
-9.055804306435334336e-03
-1.267229934394355564e-02
-1.615172337460215810e-03
2.606293337132260107e-02
1.191160182361163285e-02
-3.789080367540258870e-03
-4.430818428138327304e-03
-1.282835165589324943e-02
-2.114004892224449414e-02
-2.039690653505654011e-02
1.435365765483323508e-03
-1.535211840023516412e-02
-1.541708053131671426e-02
-1.055908885086366544e-02
-1.147912093047786727e-02
-2.726237941581174593e-02
-8.867096456540338179e-03
-1.397089033667908882e-02
-4.802105062287750567e-03
5.279789625436971320e-03
-4.290778392602173294e-03
-3.014163276719126171e-03
5.063196269194606552e-03
-1.455511781099389640e-03
1.427490058021386315e-02
4.670348836987384122e-02
4.999537106459496505e-02
5.030110233280110643e-02
4.361683298672990733e-02
2.477589286626716292e-02
1.815002778002199751e-02
1.336003766925289438e-04
-1.478256107673837569e-02
-2.606722892139490266e-02
-1.620617729643061139e-02
-3.488962065213287167e-02
-2.482739906620476042e-02
-3.020267074306372951e-02
-1.355196999129365705e-02
-8.945502581585570642e-03
9.006675869771982312e-03
1.550283677036274656e-02
2.954462683303024292e-02
2.384136286378412545e-02
4.782574541396626688e-04
-4.535721701790795118e-03
-2.039181528679419320e-02
-2.579694769386137870e-02
-3.628462554326403883e-02
-4.757434410265669322e-02
-8.527928651554328443e-02
-1.028187280702622802e-01
-1.302907785042443090e-01
-1.018033065131459386e-01
-1.091179873640594489e-01
-4.364134669780773967e-02
1.381681864897804993e-02
5.406516291358186288e-02
3.663040944903641488e-02
6.277448342954065896e-02
-1.376903457138567433e-02
-5.390854245417503465e-02
-4.889021453830071084e-02
-4.352745760174139139e-02
-2.385882004055904157e-02
7.610084603648170978e-03
1.752138587924054192e-02
3.346518201088129196e-02
5.039124176968463875e-02
4.006339130433871770e-02
3.087616607228323845e-02
-5.335913894112594147e-03
-2.146749567208708354e-02
-1.416978682128641059e-02
-1.455543208052002997e-02
-1.471464836671433803e-02
5.277469586381169225e-03
3.387832350779563725e-03
-1.737262945718632406e-02
-5.431596927422017995e-04
2.904829646457720432e-02
2.502729432697840123e-02
3.595004530244168967e-02
1.167822445689528123e-02
-5.703386716377945032e-02
-5.782047827073802382e-02
-3.289507056431461435e-02
-1.306106047610738896e-02
-1.347817941806376228e-02
3.031950257097827672e-02
1.210380268549427103e-02
-2.734883991202337675e-03
-6.833740810075084049e-02
-2.236568722465182707e-02
1.802091149735794706e-02
3.353488713359648044e-02
6.178870899380106696e-02
8.734677297878261359e-02
6.443799505517616710e-02
2.096444153387429926e-02
3.027214072068653769e-02
6.958543842540181913e-03
2.720632969430915489e-03
1.597494986135063882e-03
-3.466731971355130684e-03
4.071222274913653683e-03
2.028324932653993717e-02
2.105073181783508746e-02
1.866702576339599601e-02
5.932263224150539915e-02
3.816063064509323671e-02
-7.031729039854578422e-04
-1.898274819449292938e-02
-1.252135914363494001e-02
-2.987942911449358724e-02
-3.117070601056330659e-02
-6.042603754707338848e-03
2.651916880380041086e-02
-4.330984943801864315e-03
-1.834384925570955657e-02
3.287344121620197623e-03
1.486916710826803253e-03
-9.003444521614589399e-03
8.861089228343808216e-03
-3.993363218881801346e-03
-3.346388231339636476e-02
-5.520130357565539159e-02
-5.794129103526859947e-02
-6.936898828639574688e-02
-5.602989317318145257e-02
-3.765779988842366671e-02
1.712358560002737520e-02
2.469827125268338891e-02
6.871528080957026163e-02
6.816297475666527328e-02
7.236516570110040902e-02
4.691695655038206902e-02
4.249797124248663044e-02
7.509784528532107220e-03
-1.002451569087096581e-03
-4.169046218065540488e-03
-2.548362221262972030e-02
-1.419694828916078129e-02
-3.300740420083667082e-02
-1.523266742056465436e-02
-2.599887941518335549e-02
-1.165592473682687188e-02
-1.294269029590666871e-02
4.257969641471925394e-03
1.033359993602283623e-02
2.301026120680228076e-02
2.619624865647678449e-02
2.679831746909617368e-02
3.331809906640519070e-02
4.354942548988897932e-02
2.786997575200675370e-02
2.100383643650408777e-02
1.478213349559879750e-02
7.152722839442953763e-03
-5.615195914406168748e-04
4.056343440329412270e-04
6.751352186977536279e-03
-2.321416797215698595e-03
8.003822567095905671e-03
-4.741052466976144325e-04
5.556954909284228007e-03
1.382046837192319605e-02
1.619012564637880083e-02
2.188901996415766951e-02
1.011722917638711861e-02
3.606021698131770328e-03
9.361740674873894955e-03
8.549746731370006653e-04
-1.947030574929255881e-02
-1.229731763738647031e-02
1.176007267917556290e-02
1.552720269189928866e-04
2.881262626433585966e-02
3.824635583248960774e-02
3.607399659931731506e-02
1.460600706103108021e-02
1.700405359825468352e-02
-8.286973925218148185e-03
2.288543799342133804e-03
1.628488069141810751e-03
2.770252336048183162e-03
-1.714656811370521934e-03
8.964584009221345309e-03
6.682939289000714572e-03
4.785273499334143088e-03
4.132500586449043729e-03
8.880827843181150760e-03
5.067492728806380527e-03
-5.008012772828222478e-03
-5.065628095939555750e-05
-7.651838266670183547e-03
-1.112138728716398350e-03
-4.051937742177814245e-03
-6.920962166977628893e-03
-2.772612363223475943e-02
-1.373609612802671048e-02
-1.214493926701417162e-02
-4.000496488653542196e-03
3.059249912645237157e-03
3.243842984300378957e-02
2.624375319028524056e-02
1.372856335555441495e-02
1.317819427480736508e-02
1.152381062370319738e-02
-1.088866464735555387e-02
-9.022296284873863176e-03
-1.612062278255543130e-02
-1.873075281222325028e-02
-9.845137748472293157e-03
-3.707138789813731357e-03
-1.418705958998842109e-02
-1.789879994479805919e-02
-1.486681941991318048e-02
-4.720884453493619237e-03
-5.346879935848074944e-03
-1.827585386925349026e-02
-3.192098156165848900e-03
-3.043148931274020433e-02
-4.174507993596004995e-02
-2.213303961090704736e-02
-9.158541206700083342e-03
-1.007917059961113866e-02
3.017142256080889914e-02
1.943815321312785185e-02
5.953714606337119110e-03
2.107928024828574845e-02
-1.234933308923991113e-04
-1.002056047370997183e-02
-4.605633133458718505e-03
7.134761514387766637e-04
8.485193931136300258e-04
1.266300794959734910e-02
1.782773612257583518e-02
6.831114010501291786e-03
3.108892743661612577e-03
-2.134403342944403426e-02
-3.244939668242049352e-02
-4.975327406971798844e-02
-3.789131425274754050e-02
-3.370066958668251067e-02
-3.410220139464349015e-02
-2.128862586964796674e-02
-2.282599863225619891e-02
-3.779029757351082264e-02
-5.680713003031095248e-02
-2.990009183456372038e-02
-6.327963127638849827e-03
-2.603291895190206970e-02
2.189306261086900601e-03
1.580202604932492982e-02
1.619394692889173509e-02
-1.981262196204658724e-02
1.029544499615888536e-02
-1.694618460447877561e-02
6.073288416806640888e-03
1.046235775611630350e-02
2.568071771559275393e-02
2.073856364672121977e-02
3.978575429744481834e-02
1.834807182953686333e-02
3.536507573495681431e-03
8.008125594116736329e-03
1.074761026323422380e-02
2.036229654277855322e-02
2.494254242607222422e-02
1.800017869596798326e-02
6.349876350773187364e-03
-7.384540907458828768e-03
-2.525213840938530380e-02
-1.765668323442135326e-02
-1.325573091073479690e-02
1.037456606873180323e-02
3.424638351659854002e-02
4.324098443187895935e-02
2.865905770673633085e-02
3.567432596956904289e-02
1.627266229393761754e-02
-2.360741444458861610e-03
-4.157953989355392573e-03
-3.524543255617846975e-03
-1.491949444749667703e-02
6.178996797546517511e-04
6.218094663560188966e-03
-6.198440026717983234e-03
3.753174815997255623e-03
1.870673064332312521e-02
-2.527023688510657978e-03
-2.295501992009996856e-02
-2.334692618738149969e-02
-3.353288611885348047e-02
-2.498490882407539485e-02
-4.362026488213885736e-03
2.844996071233771989e-02
2.444768747266995793e-02
3.827031903563634513e-02
1.586070530134454232e-02
2.805381038512181832e-02
2.003122130548786253e-02
3.588593851859829542e-02
2.303130706017162202e-02
3.286790302909340517e-02
1.028000070534297941e-02
3.968855577411708156e-03
4.032059003510069135e-03
-2.209096352857090571e-03
-2.909466368658935719e-03
9.059882986475684130e-04
-1.286857949893439705e-03
-1.245456224925738445e-03
-1.013169527304862844e-02
-9.973281046625028998e-03
-1.303652561793987481e-02
-8.396478088143215571e-03
-1.965411079649187834e-02
-9.518363514860732344e-03
-1.133360502553511229e-02
-3.155649833691712841e-03
-1.811770576989422954e-02
-1.501599923007787378e-02
1.005502272784439266e-02
1.447924378870703820e-02
6.025208274951238639e-03
2.097042936408492070e-02
2.171417401437577069e-02
7.346650973999373918e-03
2.063201583816283782e-02
1.716519902582762380e-02
1.303575755212757481e-02
1.823434091184632927e-02
5.944631033547830012e-03
-1.070692218074314854e-02
-9.324785860996300663e-03
-1.449535075367948487e-03
-2.065854250480106749e-02
-1.292783954860891350e-02
-1.906100954904929590e-02
-3.139094117332106096e-03
-8.603932429891377603e-03
9.953541757309445834e-03
8.339682969895212059e-03
2.219996299310651386e-02
3.635715098387640350e-03
1.376623869955842169e-04
-8.463676358375023939e-03
3.431238139303179752e-04
-1.332293338291099319e-02
-6.198898001713089301e-03
1.030763806035420518e-02
2.296546837291086121e-02
1.486381955793170638e-02
1.760606504030928429e-02
1.322683520479138973e-02
-1.244404290744985375e-02
-1.811295971460847448e-02
-1.910962215930453803e-02
-1.529565183583470045e-02
-1.503707125788340121e-02
8.928784206225665390e-03
-3.814392434953973662e-03
9.736908106655922657e-03
1.060366427922061067e-02
7.563942349788385471e-03
5.965181233145006728e-03
1.537873369886390978e-03
-1.474503509248273510e-02
-1.699600123068936014e-02
-1.237269257030998611e-02
-1.689671087314138093e-02
-1.209021415891576093e-02
-1.716493200622254411e-02
-2.885400445676179412e-02
-5.145532322088905430e-03
-6.623638336551197769e-03
5.229225790827132618e-03
1.974118888287574106e-02
3.737951189685644743e-02
8.503747461001767011e-03
8.936843342656068320e-03
8.879067195938223148e-03
1.360071834450235495e-02
8.163679707077731509e-03
1.449686084678082805e-02
1.187803582318393975e-02
1.518579958142194687e-02
5.283887762754705016e-03
8.080731649830053334e-03
8.547623626372249928e-03
9.496425444997600579e-03
9.089402785316055139e-03
4.767179227275032856e-03
1.250385003807787977e-03
-1.588653532763481752e-03
1.837955888995119330e-03
2.637027824589911230e-03
4.828399132629627478e-03
3.068709621600091038e-03
7.078840086662711167e-03
3.094971907050518209e-03
-6.090738995982923794e-03
-1.020580580877478161e-02
1.460659073266083047e-02
1.551497344535815448e-02
2.250159357072911703e-02
2.322042532904735473e-02
2.607378562806494590e-02
1.175994163104395265e-02
8.922783449214743631e-03
5.208307828560026706e-03
7.114395123587790096e-03
1.046763824867710801e-02
8.686282438977424754e-04
5.051531939766897711e-03
5.343741078345733489e-03
1.189707141447272215e-02
1.006805408133231924e-02
1.521784211050711093e-02
2.137643641134012729e-02
2.091902708787962001e-02
1.818026302068326272e-02
2.556376347225593898e-02
2.004747358067334242e-02
1.913601532275262945e-03
9.927517166615501196e-03
-7.591032332274792044e-03
-8.936898432486465454e-03
-4.406317467176966256e-03
-7.756750167194588659e-03
-1.321082281872798525e-02
4.838804577806073322e-03
8.810645361929098432e-03
1.008358105543333619e-02
1.576993154241693867e-02
1.022862809149382296e-02
6.526282435406093561e-03
6.400681622226236760e-03
5.692093409651503323e-03
-5.689877798476766779e-03
1.168728911460451339e-03
5.870441480899489181e-03
-1.718690399497491833e-02
-1.092666512768500700e-02
1.095460884960070339e-02
6.748317116862437466e-03
-1.543155126716096864e-03
2.544539898760148772e-02
1.594893183516961355e-02
1.225021422969651413e-02
1.632727386746516893e-02
2.459421002204458667e-02
1.214610099499232806e-02
8.350731679231698790e-03
1.391070136712120077e-02
9.404080639555997129e-04
-7.051712330948946110e-03
-1.070128009493059515e-02
-7.557577894726268120e-03
-2.179987315684213389e-02
-1.504400825571314618e-02
-1.238690552834904868e-02
-6.526132066126261178e-03
-7.035760890248978980e-03
3.609309501314716517e-03
1.519808670813149916e-02
6.547548265294741293e-03
-8.678958183448768834e-03
-2.180919428768636828e-02
-2.124826436763596615e-02
-2.772770275451014871e-02
-5.137530619896919781e-03
1.128520917101333981e-02
2.130806754489407429e-02
1.057023356362132849e-02
-1.363169298659813906e-03
-2.267422037232640769e-02
-2.723748504197940137e-02
-1.543709996905691384e-02
-9.980913170296534798e-03
1.597113549353962325e-02
2.960134233040509835e-02
3.135921385034649844e-02
2.199409112022445226e-02
2.785413946961874318e-02
3.739428740822030826e-03
3.027224112657852031e-03
2.805500781535423017e-03
1.468992014684040656e-02
1.525923074404894261e-02
2.357641339877171102e-02
2.168137530362148832e-02
2.511267058421843071e-02
1.677182028372322525e-02
1.945185603757187964e-02
1.658534177448643329e-02
1.432193590929753228e-02
1.469900034153468968e-02
1.849557390530495032e-02
1.746520371800484514e-02
2.167970117982077199e-02
1.344829373920258114e-03
-1.028613932242631104e-02
9.468992684653430164e-04
-2.631354114523615575e-02
-2.716262915000201492e-02
-1.712399735134662732e-02
-1.960693916333038078e-02
-3.054152385018559651e-02
-3.187337462700957913e-02
-4.940547999003169766e-02
-2.633453910000719059e-02
-1.928018141403671851e-02
-3.388262383715128639e-02
-1.883878189491614008e-02
-4.983911447406901181e-03
-1.630503908291080703e-02
-1.099689033585641781e-02
5.364067016600145878e-03
7.795522736126609363e-03
-2.328393576123627060e-02
-3.092517508677699450e-02
-4.878145991238290458e-02
-4.365844152848757931e-02
-2.929655157622576556e-02
1.352928472606189370e-02
1.610515167201448383e-02
4.518916979826674563e-02
3.256829190772563692e-02
1.039102930231113400e-02
2.815802042548596479e-02
2.541634709182665278e-02
2.230871783968090688e-02
3.264707435358851079e-02
4.321084633370957800e-02
1.877398255953855594e-02
2.622358614390368076e-02
2.086573268584379290e-02
6.626108590486358071e-03
1.023185716695161965e-02
1.381132630419807175e-02
1.302430328876310293e-02
5.617283942023567483e-03
6.233960283429850965e-03
7.352807202019646937e-03
-7.018407119782413967e-03
-1.151283288106157848e-02
-9.542362485836645633e-03
-4.009589305969504108e-03
1.057577031535698181e-04
1.416753161917121140e-02
1.410342473922885850e-02
8.998656069475738373e-03
5.039811933516083822e-03
-1.673773300950841605e-02
-2.305631359722230475e-02
-9.749686255978129781e-03
-6.866881105907960380e-03
1.165201208451826370e-03
1.163491763481646658e-02
-7.131420467865254645e-03
-1.274913747472393791e-02
-1.665676691069118212e-02
-2.424842176459309981e-02
-3.029929305213266769e-02
-5.630229899506155808e-03
-1.216108751930795005e-03
-3.827504333888732437e-03
-3.632513877615464650e-03
1.433938048491065903e-02
-5.287808478973601845e-03
2.169530303047024350e-03
4.244960059462636083e-03
6.912199215906914690e-03
7.575589176250842674e-03
2.074114960126685267e-02
3.758566546979803542e-03
1.771369575055240994e-02
1.740820747253378833e-02
8.627196660752780785e-03
5.559335484788261936e-03
1.401916074614499227e-02
-2.098160214250443731e-03
-4.502882489048776887e-03
5.509140736778200126e-03
1.911974290948942334e-03
-9.939157709812559971e-03
1.978137794076081403e-04
-1.113598552378675718e-03
-9.066820461169968273e-03
-1.276988409783715028e-02
-1.462432071859407455e-02
-1.711279914541517788e-02
-1.755376507264829258e-02
-1.791883217905062414e-02
-9.069562658907213276e-03
-3.860680112104023128e-03
-1.468943701195698885e-02
-1.559279810179632977e-02
-2.872784304235775216e-03
5.146450644318734113e-03
1.087695399024101069e-02
2.838776975498037355e-02
3.620988102233258649e-02
2.240480489259594546e-02
2.065702207816586672e-02
2.226214240928534385e-02
2.213790794841844975e-02
1.553694620325942258e-02
2.061866592908663184e-02
1.479350231403132876e-02
1.070258487649121751e-02
1.172955568628956252e-02
1.534354506469121429e-02
2.707364743580782315e-03
1.991735293542786119e-03
5.604458639299519235e-03
-4.126824719428941191e-03
-5.325692567538401617e-03
-5.093573525710097527e-03
-3.912836523288603686e-03
-5.217947699186065505e-03
-2.968770821334925335e-03
-1.670734341303177842e-02
-4.654561840698414298e-03
-2.238506242779377681e-03
-7.285071396647083836e-04
-4.290544259464974981e-03
7.677855069533372039e-03
2.277554237207692935e-03
-2.857651065289569872e-03
-4.307606415366896542e-03
-9.269434428864919279e-03
-4.740995396223535337e-03
-4.019232615592963943e-03
-3.557209764541050239e-03
-1.494400133880508831e-02
-1.576514467221771035e-02
-2.120220765060301313e-02
-2.375274336750693091e-02
-1.493674429464836653e-02
-5.442863988667759681e-03
-1.394042346895532115e-03
-3.533350249155155914e-04
-8.189421460812723597e-03
-1.724180643450604414e-02
-5.702608256146492541e-03
-5.703479756304019425e-03
-2.400053045901862688e-03
2.139765301629198077e-02
2.554062403082077437e-02
2.369662708456001313e-02
2.632397225588034920e-02
2.731836526691831801e-02
1.315562768413261995e-02
1.351307803436933852e-02
-2.327198349767730344e-03
-3.967445206164268816e-03
1.365894376621017668e-03
3.929452817786416655e-03
1.686077194398616580e-03
1.448884791794683574e-02
1.837659720065976804e-02
1.317707718248448123e-02
1.169655567215029807e-02
9.910957195331733180e-03
9.379758394818871799e-04
-6.196359219960420779e-03
-2.454723555819324915e-02
-4.273324366147221443e-02
-3.909020468745603993e-02
-4.218835858567494823e-02
-3.528060257015046969e-02
-2.327403188866537798e-02
-1.306063208282508444e-02
-1.889225011804285953e-02
-1.329023950173601788e-02
3.023611884933923716e-03
9.371697383596222508e-03
1.928481407105268192e-02
3.405303738856303719e-02
3.306503186227746638e-02
1.529798249007610807e-02
1.388731305975730509e-02
2.167015097033032217e-02
1.836844096997497164e-02
1.806802472117077785e-02
2.280317605210088402e-02
2.585003584188107564e-02
1.910083924521143589e-02
5.004831484758362307e-03
3.677579206006233170e-04
-3.964084159595654064e-04
-4.161834541343151402e-03
-2.320665826721040464e-02
-9.814045313369101908e-04
-3.506595728097217438e-03
-3.206139317372633593e-03
-1.434681136377181573e-02
-2.821324986489799624e-03
-2.047547074148462973e-02
-2.306709357972330093e-02
-3.518499976419689479e-02
-2.791599968817273097e-02
-1.826887616357749169e-02
-1.206867456255573783e-02
-7.245719844365359173e-03
-1.740948592431846610e-03
4.478428398927128753e-03
-7.334547994995503813e-03
-6.054448119516969706e-05
4.886749734128243566e-03
6.991263272293223724e-03
8.866798806887451340e-03
1.189147182749558662e-02
7.195987350185970542e-03
8.096995618458145000e-03
9.186202876112520288e-03
1.202009766845417091e-02
3.691031159933702566e-03
-9.348176323351321121e-03
-3.520215175483701504e-03
-1.068398895421124317e-03
-2.020086334108510406e-02
-5.906155183340955871e-03
-7.477795261540480867e-03
-7.776238705061833123e-03
-2.517498568443533521e-03
1.813763760737984593e-02
1.371223214064661022e-02
2.437338858169410538e-02
1.529807707939835268e-02
1.124178146180189117e-02
1.309891824351998475e-02
1.565281323460519444e-02
1.567537823030862310e-02
2.024035546787947282e-02
1.457931714869596315e-02
3.906744519365483101e-03
8.708256706475042686e-03
8.368180930212257285e-04
4.300061177292618074e-03
1.089853293266716816e-02
1.200755905826717852e-02
2.339289919466962242e-04
6.027597153590490142e-03
-1.051328487154600108e-03
-1.039856934427257386e-02
-8.394516246330977621e-03
-2.971828807635934835e-03
-5.851563135081264480e-03
4.380067753352156340e-05
7.207161336002236574e-03
7.347199765666792559e-03
3.497951210339900023e-03
7.061527353548611996e-03
-1.257214129342420442e-03
-4.769661408506622319e-03
-8.447350230510766028e-03
1.999635062037028767e-03
1.586698481426695919e-03
5.441379626190805466e-03
2.972699196267579100e-03
4.334921400230956276e-03
-1.177774006211796884e-02
-1.766787483203667575e-02
-1.565972790408581838e-02
-8.856280347355697385e-03
-5.127765499000768064e-03
6.954368234001129939e-03
6.787089223021962499e-03
2.995493296323929050e-03
-6.660671943352916569e-03
-1.078042204732173291e-02
-9.924308889569150721e-03
-8.372479829935552953e-03
2.325211450494877284e-03
1.222152550638154478e-02
1.913252846834386997e-02
1.589890927544281019e-02
1.173415858234681461e-02
-9.511629275393672020e-03
-1.454096773433877568e-02
-2.848559986807807504e-02
-2.595247541990558168e-02
-1.140796209131532575e-02
-4.163884371353535237e-03
9.879614725863211655e-03
9.828037943382026548e-03
8.824629813426307715e-03
-2.627215183263920117e-03
1.255770414087839515e-02
1.987794072988701647e-03
1.227175041549681198e-02
6.218140771950379959e-03
8.833734108191463805e-03
1.837816950143909443e-03
-3.654737893145654573e-03
-1.348937212316509045e-02
-1.668831969914158150e-02
-1.642742752766506581e-02
-1.857681591580895297e-02
-2.046362215265965651e-02
-1.991439967592625870e-02
-1.688024804186930017e-02
-6.716657628570623512e-03
-7.525454109976195682e-03
3.084355655934552329e-03
1.323543969944237023e-02
1.836134944392386545e-02
1.622574731792290198e-02
2.190710805334152023e-02
1.473309231879390939e-02
1.372678325719840081e-02
1.280426685947360331e-02
1.201716046680516292e-02
7.553362969124558478e-03
7.418173195088842778e-03
6.192277094794752280e-03
7.352650131900135416e-03
9.376488564206977242e-04
6.260814716310284488e-03
1.055275089710874456e-02
5.162797772569098324e-03
1.390912482814865569e-03
-2.931503560540721278e-05
-6.348671597864515882e-03
-1.146411072553895315e-02
-7.041420579891139939e-03
-4.487082735655394984e-03
-5.403326240494467185e-03
-7.229506958022823525e-03
2.892997365737829361e-03
4.529158203635997096e-03
-4.507379517025612153e-03
-1.724092439395557078e-02
-1.106246812691374752e-02
-2.668998748964026765e-02
-2.795404232264392733e-02
-1.892725734544372165e-02
-8.030828069557120752e-03
-2.243792121804491849e-02
-2.954499085464650995e-02
-1.844132638960910286e-02
-1.255096231693936248e-02
-1.937813163193392169e-02
-1.154944371046034111e-02
-2.251850996973445325e-03
-2.920651550806237576e-02
-3.055172215243440875e-02
-1.596829473273753477e-02
-4.264146161394058443e-02
-3.738220209086690060e-02
-4.695580395938099560e-03
-1.568903265264523506e-02
-3.196303641697859077e-03
2.983261735147683946e-02
3.540576255357747587e-02
1.234764733099350323e-02
1.526479715431165035e-02
4.681270535646535336e-03
8.433439325289494165e-03
6.892923452879228495e-03
2.439972030148095106e-02
1.937577636314707918e-02
8.058381825548197389e-03
1.311497214338604861e-02
1.346181556247856397e-02
3.157036106852643704e-03
1.882595988044504648e-02
2.651246205641643802e-02
1.093537209679813077e-02
1.278575410808560110e-02
1.319068353854607224e-02
9.139388362888543893e-03
1.225227269029148872e-02
1.286502113910593936e-02
6.519265813396285872e-03
1.438271211736570979e-02
8.625731454554178348e-03
3.273763683441367582e-03
4.856345396944615825e-03
6.640675731866142739e-03
-4.185988453260233895e-03
-1.096661331497878096e-02
1.632871520443654467e-03
